200,10,CN,AD
2.6671413593119424,10.841986395560866,213.96447044800613,-63.03985294477925,28.171697327561347,-5.12203645952824,0.0658609760188744,38.260445790946754,0.4991638497410776,-10.167065907681456,0
-18.91831070006879,-2.8495639823235264,143.54490657253947,-116.2731816518438,28.14493894477663,-5.074241745229314,0.4017298010991878,30.203814318824502,0.7761060740554657,-7.718616360804463,1
6.9826583292428674,13.155116149237823,137.5859011125579,2.750822706389986,28.681068958511407,-5.935965224891831,0.4644922764887032,44.12671579755225,0.6556127290338656,-8.234925770066793,0
4.90292854745047,13.55779940047636,386.6642163101669,-6.6632218528089915,29.612700653360132,-4.692617508321234,0.1863809043840691,29.125692440053413,0.6156576001587494,-12.116752283671213,0
5.88135095093752,13.216160715222768,244.09143334193504,-17.390037740419984,28.888245884970765,-5.592378438870788,0.5696416006451449,49.46421097511726,0.560193230270899,-10.155667881881117,0
6.039916997055352,5.0780688529207625,162.61424224136255,-46.84636492094533,21.87628585849042,-19.97851530171405,-0.1717871932674378,34.38973211521988,0.5956713812103657,-9.663223643530838,1
5.051257238049101,7.503774550253506,283.7048183656775,-30.5128960769922,26.880346375636144,-6.1358062065139265,0.4976499231532444,32.36771886150379,0.6184482629766246,-16.59585570016082,0
5.462563677422242,17.428865713099647,260.8695308853839,-49.369190967041966,27.99615665249343,-8.076490650256478,0.0881294599143487,56.01623588133128,0.5119390606599846,-4.785026472756671,0
2.776711791145934,13.3100650613647,338.0870770487433,-14.109935484509483,27.555649433374256,-5.723318991356627,0.0825929211190588,32.853541461031305,0.5687484095880199,-7.521794328566527,0
4.418351579038388,12.163388823121728,222.2335159602087,-32.405495108796444,27.33534908158304,-5.909705572262443,0.6073497203667144,52.21010259775973,0.6275281755422887,-4.991269870351816,0
6.244252800949514,14.122417774645475,98.81938917442297,-41.32909137908039,28.0293352285873,-6.209027545339384,0.5166086535195951,30.851738885499625,0.6803740138082911,-15.027456568028214,0
-6.361674055871589,5.404441079212982,170.14601870652115,-20.3783316129375,20.997130887174723,-13.013959499565622,0.2019035941256018,51.925734308319896,0.600832383786412,-13.22410391189415,1
2.9861284875955767,14.781948302105471,237.16545880712115,5.944785960456496,27.50680776781731,-4.055828801535119,0.2393316202943417,39.19834090425114,0.4160473933583756,-4.898508427884712,0
-8.030187753720536,6.700157037740119,141.0031947444652,-13.37986717518109,23.954132378058695,-21.18982017916492,0.4793708564004505,13.572672385019596,0.6543442775158801,-8.095640713242997,1
4.323657635965898,10.671337737953346,209.36924539838773,12.199453947918336,26.945721741710667,-4.004937726660898,0.6670578283623291,54.24537470646192,0.6519078643359231,-9.59056736634364,0
3.719201414417983,13.008621518804151,260.78778694232346,-9.0933493597891,29.280972115570023,-7.268873414347059,0.2439115849095025,30.6459603279265,0.6367080893152853,-8.966639525700394,0
1.555098460420432,3.2392849587839976,208.27797383852044,-21.636176475164525,28.14762718991691,-6.998213585595904,0.3227243509033369,24.02757984764057,0.5477797594936884,-8.108943733452506,0
4.5974397233805115,13.608679426653826,268.235578491087,-19.16086869224071,28.394290235081954,-5.234557361577726,0.6279392106263613,50.75919069479351,0.5869818600957145,-8.224052336081868,0
-6.691555769164789,10.282147104280028,165.4456877173894,-5.3114993504847305,23.557669552665192,-20.761762677109793,0.5608775143506948,16.463981114393118,0.5044269515865322,-6.917140488633449,1
4.451086605198791,13.24794440526028,225.8063484395973,-43.07925846113984,29.49065468471182,-7.9829592599107215,0.398413977314586,49.22297575465363,0.6108758349090857,-12.312359525241195,0
3.99044516639013,12.072313587001652,232.9975658970367,-27.554899088442237,27.452241914088606,-8.723353507982427,0.044709088454796,57.353784110368395,0.4902207207159121,-12.71073985297904,0
4.856437549670664,9.256255555497363,303.0464281185809,-37.30049061727992,27.284064123577625,-5.9107209606162145,0.7451226860174651,42.65248009909318,0.6841233834097314,-14.143516901203988,0
-2.5660481761139367,8.749471793884787,153.92713740671502,10.487410690439296,20.081320546902138,-25.200540026425067,0.2702584762398639,25.1530307957947,0.4567135003183566,-16.16731978165508,1
1.8150560907463191,14.525390304189498,283.09987181791234,-43.82733509024752,27.598333590849467,-5.68145176202961,0.1457645666065499,47.90857633330022,0.7374298626488228,-5.990982303417892,0
2.8023777612383127,6.213422144239424,205.6559068350018,-53.634143419582514,27.553890491873535,-9.165518660891305,0.8197912038912069,33.03276829248696,0.6233736921511304,-7.396410086988895,0
2.086612269115807,10.083360987228344,229.09903205311613,-22.454707259895255,27.02432159576616,-2.6077629248936005,0.4244033017342288,27.615528970456793,0.5413754685523491,-11.100514190490454,0
9.012087488147918,8.305451091386109,240.76431144385663,-16.201480953111076,27.392148309995076,-6.332789821142435,0.5181719048647987,7.026709112293538,0.6156074153538873,-11.409441980000834,1
5.185821200558241,13.61604239133786,244.06406509781476,-28.53096919699888,27.318914562184627,-4.0265393816984485,0.1124151390064007,43.35042911716293,0.6694594776110764,-11.9756395053708,0
3.707725000410668,14.90896327685401,265.2469514910581,-40.39426210610732,27.01344243393506,-7.108340570751207,0.2360864996603442,40.906751047385306,0.5165816882537896,-8.093819491516452,0
6.700448897636301,11.17174960562052,213.00598624575505,-22.670785463881256,28.09874835986814,-5.4661313164064165,0.281251500072522,24.042644931735545,0.5437070231501674,-14.053978305837692,0
-0.9760534067011282,9.029055235361994,146.64469825613097,-44.09892997136001,16.509280653218852,-22.322113024631772,0.3532953469089108,23.09857542409657,0.5622528573961312,-11.924962431514889,1
6.170115634117562,14.818355615527873,297.0296483041494,3.286529180042617,27.312833399751256,-7.802568452468024,0.1921459315955695,49.76446125598683,0.6381486388286395,-2.3479845606020344,0
-6.620153207796144,9.968361136170364,162.0022660364234,-18.15145427579423,27.754770937569617,-6.96754166537336,-0.1455142118419876,42.181015159032675,0.6313290671043271,-12.770753642719612,1
5.5431046354420905,8.185009444224736,250.69490089985587,-1.5511574098503509,27.99548351103129,-6.729714094257943,0.6483364571521104,29.137766087362728,0.5436159796279479,-7.506239987141905,0
0.9675639210967102,0.952036920947962,135.69552140625223,-17.975779549197956,28.643851107068784,-4.052897825725311,0.1547116359727934,45.96831282142181,0.6228415337526938,-5.751123114255441,1
3.390714739796042,7.47016254412487,152.41909494823653,-44.71703161715048,21.99702610247219,-19.18828206052336,0.2840173079079715,18.711533893131087,0.4742261573553958,-23.505679201107256,1
4.987224642012717,12.398089454180642,199.2709787924856,-0.1316300154357996,27.61081799529659,-8.344473165704944,0.4559583227583709,38.79203934712,0.5838890535431629,-13.880681884463224,0
4.978682556692883,15.26089791622242,264.0078015547434,-10.246401475608405,28.7599648585289,-5.34460469384201,0.6822301803469535,38.23078976156482,0.5988772254152996,-16.759070371552895,0
5.425571473284408,13.37937205181998,158.77510357041723,-14.194570124824946,27.94942476522915,-3.1465420750559403,-0.0395873847505373,24.63236411272685,0.5460128239351913,-14.976437115148071,0
6.1908548218995705,7.771205201644636,221.07357476542072,-29.636275858093917,28.49676675421979,-4.128789607314146,0.4638162284218495,46.46828556179396,0.68395609830687,-8.722168202810659,0
4.962430518688147,13.542642451412132,251.69914048481863,-13.98862820501122,29.387464133274623,-4.286957121950669,0.6740077531389814,46.229553730608586,0.6121414182837918,-6.243967829369167,0
1.9039743493618144,13.272961668795269,268.5703637918427,-37.18693397030722,27.478375378333165,-5.102334518351497,0.5574584038572179,37.10214898374523,0.7160799942800722,-1.4008095917689118,0
6.569129949826168,15.321818650388572,282.88680958935095,-52.7476912348703,27.091666598094424,-7.974494650924504,0.5296741254875403,42.09998793231446,0.62650295428808,-8.903961134401063,0
-20.693477320241485,2.1169537439074064,165.91893796356123,-28.17178657650921,15.527593074049676,-15.790836258208357,0.56496894259061,30.01404698120104,0.5378536854686253,-13.993169773391047,1
5.615194863650278,14.147132884275797,229.57973078346316,-15.893759719906754,28.54492666699155,-4.330997644573496,0.5137827436824272,47.446146065330275,0.4844402567486481,-15.053964330582948,0
4.930100280034633,14.141885873613033,206.42613314846955,-0.7670031482045836,27.49145459140026,-5.122446761412792,0.0418349285446816,35.77163508874355,0.5628876231106804,-11.532177293049877,0
3.360630500508618,11.134552973092068,215.84709134832752,-26.583757310407417,28.462058510881313,-5.889387192166995,0.7467774303237419,55.86500660958336,0.5507348927627255,-10.829174248149029,0
-9.327369919296409,6.75950302067359,133.8451334901257,-9.654508065373411,22.245313371981062,-27.48511112510674,0.5478218655389493,59.37157734504501,0.508045593831074,-14.086231679864625,1
-1.8772106415508945,10.17606378868252,161.2212698417961,-17.87086013053517,22.745726476248997,-7.621583690298572,0.50995246146468,64.78101530011111,0.6540620966034818,-7.871449326240116,1
-7.43381893585461,11.695552086210723,245.99608804673335,-40.0456659734264,28.421821032525507,-5.326659854003632,0.342332412224227,27.694485467079453,0.5251095173408717,-15.131076406625308,1
5.049197556433568,15.809526125099888,317.97653879163806,-29.802186446069516,27.042673798442543,-7.407506875835022,0.0928624476968946,7.762988988473111,0.4573106916644894,-9.342172162633826,0
3.880162169073099,17.595816531827662,214.6285307947247,14.71519670068249,29.625345533037443,-6.409955793631902,0.6671708760487625,60.382616225492065,0.4796325407159226,-11.226635120489126,0
4.9625821607882585,12.614637807399902,234.81384332691735,-32.1096288149253,26.923349749727375,-5.834204222157831,0.6188364147222198,44.25021262509484,0.5921582096137213,-5.109831607136557,0
4.3627284352988145,15.39639565254988,303.3740465068463,-32.5232281279617,27.988135936249957,-4.718915466279712,0.4592060985596851,23.65659049703468,0.6267014998877846,-7.288952583712993,0
-5.886290720945141,7.528343230721927,237.50524820024225,-39.13344127824334,27.791354721901698,-7.64480866833317,0.5043368985488538,40.18019860900826,0.6692072198942648,-11.75119323594855,1
4.159887522297708,10.756904472290575,215.87952695309863,-31.411925867501367,27.584772832241516,-5.013731157565928,0.53251958765483,36.023641727012674,0.6294579534903059,-16.994651826554275,0
2.549156793653573,17.805013735587785,269.67984883626565,-70.39916479735844,28.06882212816743,-5.548967601963367,0.5439211430779183,49.705299320248535,0.6615418269425966,-13.905477150799577,0
2.2142940985916257,4.30677123029615,249.93747321202775,-25.224077436613307,26.396037136045052,-5.925163093594763,-0.0475007880843211,29.658757094499272,0.6365661005629965,-12.431377388104083,0
2.6485324489492807,13.878601453784729,255.12086325627317,-14.140388187204556,28.115016732166534,-7.153812417747892,0.1614129626286167,32.95227581709532,0.5801176635152101,-11.607194470055864,0
6.134392591372788,9.695262777434005,258.1775353434309,-32.04754235465719,28.192529690978155,-5.6752980108145685,0.6789198300179731,30.58872701460656,0.6450584707558291,-12.118304598412278,0
5.252542270237059,20.678586468284465,251.45869740429433,-4.27683605366342,28.06103725701957,-5.795659090032994,0.0319460436436592,36.05892542009186,0.6055136714084087,-10.592999512711971,0
5.402058635745729,9.264730727606707,249.65391928082897,-31.990460969603795,27.738061843282043,-8.09899033251682,0.530377249759646,31.2533209327736,0.6662751804326734,-8.739531120016284,0
-8.441017728556792,0.5532960409337893,157.72532461777297,-46.88638498766937,22.75012101020446,-4.956022567549553,-0.2449465661829566,37.98807413208843,0.4193591859914276,-3.5030108427809035,1
5.668193657315774,16.46831026969584,266.18605428060494,-5.675182413949852,27.34553379407625,-6.488328658727997,0.2842026397220848,49.14097165712755,0.5679731480593663,-9.39862821561835,0
8.956934328175798,13.325626527496462,252.10438677757008,-15.723122425909022,28.265537048076062,-6.192713041273414,0.729647135890443,20.189537977853128,0.6744809087815635,-10.31347583509338,0
3.819642276906613,11.733287993787792,270.6081137908169,-39.55954262229282,28.656082833040248,-6.105685290189231,0.1567293411176611,20.139668612587393,0.541724274604327,-5.392240257645629,0
4.189459436382211,9.865231793921918,250.14384842848827,-50.38860825192371,27.89432743799256,-3.792707703532556,0.1917240544500853,18.089680994103997,0.5809843755810293,-12.73951765777505,0
3.1916134043933715,3.0397441101116094,312.229627040568,-14.452619819932028,28.482543502727715,-4.354239724120064,0.5918540566489869,37.63479361627387,0.605629803163138,-4.803720924939331,0
3.8948092618604937,11.707278528676635,155.65729249837167,-20.189240273277704,28.414458717424168,-4.705275075425757,0.4699653733646519,73.91333875369068,0.609000701045964,-10.133718189243954,0
1.3297032805382445,7.83648757112379,214.1036979596288,-49.104105315226136,27.594113834470935,-7.806648176759881,0.6117951368801218,22.637720059899205,0.5856393007660364,-6.8057004891373705,1
1.7219530270258452,16.295719612664705,260.4732866877958,-32.618472057267326,26.769005217963286,-7.176000141839061,0.2175116912152125,54.75531718324368,0.6077127501279345,-11.758257476952616,0
4.5149740182380524,14.872190300779987,209.2848658601396,-22.973721898473045,26.94042671141734,-6.003171150987826,0.4017471482456385,39.422836004586216,0.5987193991362117,-13.18775111142801,0
4.321024638565663,11.295537094871593,196.99810269957015,-4.335317772943476,28.112084028365757,-6.801129730570419,0.2998501163846023,38.18688392048049,0.6371833198503544,-8.063685589401954,0
7.781117104821671,8.696124436540103,243.7687155270062,-33.41884637977678,28.281410710187572,-4.551124708460471,0.7153587836528086,36.93693663869851,0.5771201678193068,-11.627999273291438,0
-1.81733961581411,7.221264613012459,164.75647684597757,-70.68923837275294,21.55700051754935,-17.690213801851403,0.6592756368480976,64.33455942514918,0.7038046029396078,-13.862305314703669,1
6.852167348701352,15.490682196168027,162.85403550101657,-1.5563378309510585,28.554122052185107,-6.578577438692935,0.3790566476582924,31.947469823522532,0.6265235625029628,-13.972798204794858,0
5.016345379743416,13.175547377893,236.81830121371928,-16.88894045269825,28.57951214416976,-3.8807275192471735,0.0682048366920249,49.0483604629772,0.5578651525002384,-10.67756722352322,0
7.719490611119675,12.12093966801957,248.1809289240388,-33.13212290869261,27.26508705999262,-7.8618323594700605,0.6043494586902558,42.52546879821379,0.5886041887181493,-10.018202551624,0
6.58706351738821,10.522377204714443,233.8033133127275,-15.664073851927398,28.27280143522598,-4.58789474927227,0.1415403902365851,51.841103653807,0.646186049014852,-13.82096824213442,0
7.26955703258948,18.185766210551368,266.435069001859,-14.35751912140582,26.845288638794305,-5.752007969322949,0.2624227370887313,38.445373039537856,0.6697719994552056,-4.92922603104499,0
2.6359709979578443,12.552685329875738,259.327427053994,-36.424044614349064,28.75978383097989,-7.102061602235313,0.4184462316701328,43.193788291249355,0.6903142417494867,-7.364795372712884,0
6.40711630118429,18.886030880651287,278.8838808141399,-43.10908032161069,28.80759752496665,-6.487085108483608,0.0272004913701997,15.738956064116358,0.5913478187077335,-7.501478584467561,0
-4.799827210021437,1.3422188883203745,309.9965063867271,-19.161292244294245,28.355007308347208,-7.86410315825498,0.1687424931421285,56.43279617476382,0.7572610380967855,-10.859667871851858,1
-1.397180703290958,5.6304234983344275,162.22678319640244,-40.33773105659952,28.74189317078721,-5.080632014949878,0.3934460697534516,39.841037411895094,0.6024689302685482,-15.35397979593947,1
-9.9553180280008,5.339687476748934,142.6267867597926,-37.65516729763319,18.69481249539283,-14.299104174215255,0.045186262458626,26.07610367384607,0.5435697592947552,-9.542535203971823,1
5.395870964513451,5.771727830851047,166.08777824839737,-14.3319880194002,27.361300467029626,-6.5860188668021475,0.1033279452879127,26.80961847443711,0.5314117686342762,-10.644425092970142,0
-17.21271462713053,9.601354906942138,181.26244306518248,-16.306138940419864,28.453054046986807,-4.909032201215853,0.1737355352173252,41.81373603673622,0.6866206541514025,-9.823093704107787,1
3.7139487482574767,9.085538532599282,282.879998777328,-30.40542720241123,28.329181644228655,-4.546699246327097,0.6753083881627119,31.402733956593387,0.6019871139741825,-10.109767785423925,0
5.871487217477973,13.781605707846936,260.317315959966,-13.444287208389456,28.432804632329233,-6.0738374218046705,0.3539365521129866,22.036191440595857,0.5680655366801851,-11.443502178271244,0
1.033584624967232,16.135987403731974,285.28963921272447,-51.11129089885067,28.474561289429342,-7.1332395163512246,0.5609438036496059,27.69369109618847,0.5637041528812945,-10.934419458543868,0
5.606483788708117,12.885089731599432,207.52732829033468,-23.09450722517248,28.092555996364947,-8.053022782038155,0.538960749585818,59.55101551015685,0.4990462685729858,-5.010549662024351,0
6.13812917567003,19.72694351025483,244.3126207945702,-39.16980797811362,28.143389726872044,-5.58676588039218,0.6117293014776395,62.74476178938707,0.7928863051449486,-9.072823118203477,0
5.49660567752427,13.48117873071601,316.0137874442908,-11.523940678221011,27.576107613601177,-4.873041894905662,-0.2074563087701444,55.80707011534288,0.6081532422918473,-11.498039656697298,0
7.676949291769134,13.517111139397748,203.5626630876002,-10.250744810707555,28.064247916453866,-6.017236688776673,0.4845141172019465,32.06381246293593,0.6656076025568192,-10.7601493575242,0
4.60185895252197,8.707161211980967,316.31665709438045,-52.590246344563255,27.8130828167236,-6.4822283236953835,0.3879645194251715,52.63774529982905,0.6216362193860311,-10.90276783269995,0
3.463674459321313,16.643291899434203,278.62620212445916,0.9911749713989302,28.51939314228266,-5.96236991041763,0.6374145804207777,57.58400156573127,0.6363360533969831,-6.116544735333937,0
5.677221086243603,14.491512799463518,295.2619445696181,-4.649331370508175,26.928035108516664,-5.7503118831791165,0.2944995568231338,16.872166468423664,0.5244709325350101,-12.511347635446056,0
4.980616253311393,21.05225865295845,218.43009804623512,-21.341667700743447,27.46367963487579,-6.882585506262321,0.3546055769899868,36.21282541519973,0.6953541961058262,-9.81147403258689,0
5.3124953023131205,7.196637419545037,286.69572283235374,-20.060429745014066,28.703527311162112,-6.558897312721767,0.3037622448203819,44.51666255903813,0.5530298351022591,-9.178739355416829,0
5.839891937412203,7.16586596972697,237.8681527927372,-21.52609623619676,27.439983401637367,-5.15223109761759,0.5237665401289591,35.01675838327233,0.7198970791567768,-9.45802612476575,0
5.051227946792204,13.94537746179435,234.1112920173269,-13.192436081988452,27.51585959056757,-5.865865578057675,0.5743247532330303,35.375851736757305,0.6120134846049923,-5.68310737046636,0
5.704386534162817,11.683047249055791,189.47040874122337,-26.170672196321096,28.078994487634557,-4.868767201277959,0.2297568907784704,59.73731173068265,0.6262726407362929,-10.853606494855075,0
4.359597496984117,9.269008224190417,302.82457046012007,-17.430451333146596,27.854017217624634,-5.693405004388504,0.3885178924876182,12.75958110252026,0.6523489284569769,-6.6781453361866925,0
5.539818683292601,10.790196415802432,247.77979758365208,0.7508732816737336,27.315844157582873,-8.72933372438619,0.4115660538946862,13.108777569352329,0.6855652708833712,-9.166176036128276,0
4.701552119539317,10.774285927056152,282.7430506883718,-21.966108788848786,28.06940554785008,-7.0647522352770356,0.7615476101135256,50.20450103532775,0.5746072758632498,-8.884182576941267,0
3.0308072220169913,17.329327094464425,187.8103322068712,-9.194694502021738,28.329893659293692,-2.5970557806916097,0.5207130537106673,31.677514790995136,0.4916063200634922,-12.842943219916997,0
5.482113652337135,7.468769181747668,216.72645155445684,-5.723562898610332,27.300756114391177,-9.832976364131834,0.6376497685630926,22.850492821015862,0.6044540980649172,-11.354925597768394,0
5.349048268128673,9.32809046135366,273.4199993578665,-34.691642407529706,28.45867225957784,-4.933511521870135,0.5943584664037755,17.43841585547868,0.5815580655503061,-12.351892409180117,0
3.3306338901298296,4.788430702208642,274.7900932132398,-4.479361600273581,28.88141524559531,-6.832052490543394,0.4806996115658608,28.711527719899447,0.5180287524389484,-12.22912835021566,0
4.643715121431486,11.267580606391224,248.24441384184104,-17.05466771498974,27.728900052702674,-2.972764334752295,0.1750371258365456,51.15341640159215,0.6180427727074482,-12.607656365069758,0
5.048544499304944,13.896341838399414,277.14260697145306,-18.321051150296707,28.066896293638237,-6.58801142248522,0.3515741194163407,22.52063620263599,0.6181295350644621,-8.881843566720438,0
6.405035757909186,10.441058682445442,299.64416930517064,-18.06608817670125,27.770610881899767,-5.677282143829681,-0.2609279659425328,25.003182084509184,0.6238900558746322,-14.9389130141627,0
4.803980032362126,10.155331510890043,165.44410501778384,-66.13899621970947,28.985841040939587,-6.667421402228667,0.5475715651455246,39.072532499970336,0.5881989181908621,-11.296281344817592,0
3.29299599429532,13.022586315781956,225.3922120901026,8.38001174692453,28.019502125043672,-5.277846144412191,0.4732612026055695,28.3572294804221,0.503921828085363,-9.50504533631715,0
7.830266862648501,16.224563748918136,194.07051397725513,-24.992728037945184,28.696829226205526,-4.581602612097711,0.6472083403628204,41.991715185551215,0.5325854652183803,-6.405806667960799,0
4.125355366228505,8.717463502649245,286.8661171938103,-24.99161389644552,28.501759490939747,-5.437192704875757,0.270311749822489,41.540911313728714,0.5686105173341273,-11.198568805826094,0
3.1454788096452155,14.88417967889301,262.5001693775364,-11.799781675288582,28.455479277739883,-6.892683331354288,0.94846087066832,39.2260065909765,0.5561135630047153,-9.354237943572793,0
3.3573153486193794,5.947517352850848,250.84990751222935,-0.5803098073494652,28.44037742858311,-6.698816993987253,0.3647342546060579,41.223203272168384,0.6346109322045361,-12.72896428225759,0
9.424168976341416,10.448798766086457,288.2504765000028,9.128737867598415,26.995486274204215,-7.509635163893206,0.3585533590105024,44.295030211669946,0.4939612311241727,-16.859107388789432,0
5.163909300006752,3.4246218903314443,273.8035726015591,-25.549541866692227,26.895423983320217,-5.742784501615007,0.1039937835873565,40.9719819815459,0.628677081596773,-9.34061615967535,1
-3.6845655654261105,8.049402434426371,154.18131997931044,-35.657092666617686,27.535958789429817,-4.618326196394634,0.1520438811783867,52.05533039146672,0.4685455587967337,-12.84659910233691,1
6.636085419508346,10.713613815487124,313.36369905496963,11.89435371348312,27.46957589570403,-3.1640324892035263,0.2773207988360625,9.807090762647938,0.5148107423977746,-13.850032373595765,0
2.8613961565694876,14.192676676420096,220.2720735155028,-30.11123792228382,28.098308372511756,-5.854624190592698,0.0399678940194451,51.66526935341365,0.5212870955884362,-11.561382191627231,0
5.220233900394444,9.738336038092772,217.95898676560785,-32.88547160614681,28.242762328714026,-7.3829275071074125,0.4378983023778404,25.161397457907512,0.5085640749070216,-8.77011918050513,0
8.202861130210426,12.594541534944714,222.2273318864717,-50.09124827825363,26.967328377151137,-3.225318530676487,0.3913810399959452,51.57297912124941,0.5563717235014887,-8.033921549124537,0
4.688342344582842,12.64290658900753,275.2630673474908,8.004930131365661,28.45400446291118,-5.660540041603107,0.3949966898950942,63.143482101774346,0.5615397181604862,-11.585490052742648,0
4.934773145374974,5.85998729001941,165.25472194354776,-20.032101491457933,17.95769378492742,-19.88592096451618,0.2545154394988586,7.102068916351913,0.4873732100890424,-18.868570609855848,1
0.8636358220624363,8.933983390216174,216.23866591863256,-29.04368658899981,28.27393520306888,-5.768232335466413,0.4409613620398881,32.926490449232354,0.511463408979464,-16.789874837347334,0
-6.403012129251813,3.6954775201994465,141.97961628424878,-25.31061952991296,28.024078548118045,-7.4008963528111344,0.5418790668583867,35.11480240795173,0.5857254684319151,-6.229215243310654,1
2.901079815921231,8.68542224638604,224.2900256968591,-44.34592999556152,29.03235606981332,-6.392482168698017,0.7973022203669793,43.02314756746076,0.6945918915353968,-11.763875866917116,0
5.64856226444092,11.351941791271551,297.99988891413295,-38.09222077605447,28.188694579008235,-5.966087477633584,0.4489626800046642,57.28750776147844,0.5781467855477357,-14.498056914129494,0
-13.843278371682384,17.783226979749998,237.52371989957825,-36.34311417337804,28.13488006508759,-7.692265252430978,0.8299971995651532,17.854123621931855,0.527383425679383,-9.893937537223689,1
5.797325765232465,11.946153885388014,253.06923941609224,-29.08472608602368,27.505231897539453,-4.892691839852093,0.1438116915601983,47.07303676651376,0.6611249701987425,-11.034361294381744,0
5.4998337338680425,7.767155084798341,251.73281672638163,-21.524774198090338,26.89953721670937,-5.260564905448194,0.1788100095563986,43.789852661070064,0.5318046777273353,-14.224428603739554,0
7.067077107252427,3.921128393596165,224.365934798156,-60.31434737849376,28.695329698873465,-4.40475512824861,0.3881295164693567,40.4454797876352,0.597301120140724,-12.39696870827661,0
3.1295768549334735,9.96315030268948,148.07643549662018,-37.63128216042728,28.08884194438497,-6.233846662856717,0.2766111138511554,68.03719934315018,0.6151778550498194,-14.234241135448285,0
3.5309870667449417,11.119714648811756,334.8990121042324,-30.16977711648325,27.463614386902982,-9.277341581521911,0.4748730127547388,17.689619127545697,0.618922085155231,-10.013614198700129,0
-3.170515750028848,5.03108630846315,171.69308308720528,-94.52053014221428,28.04694218445938,-1.8663301461763255,0.8283208713364311,43.39282896605699,0.5106901257871366,-9.692323088875622,1
9.38091960221555,5.912967194436762,131.1246254471656,-18.16988599817999,24.63904604216593,-14.999557868315538,-0.3099547884168617,20.955269970123556,0.5332605237366237,-11.316467828125932,1
4.296514151042574,11.653755100180842,171.79160919567454,-14.857801176795752,28.499993783793233,-5.875475818196962,0.3125668971723152,59.50803109688648,0.6048164130703285,-3.68562580068186,0
-18.806604715306182,7.580005456225685,276.6581704892782,-35.32089459888019,28.43121332155015,-8.233610346702491,0.1580195405248282,31.734301722291107,0.6138523743729333,-12.887728907366515,1
5.001999513766948,10.059049166129038,217.36645147025268,-17.80107998256828,27.04939691461522,-5.103079816511048,1.123541322675231,41.66147706078043,0.5265959540055539,-5.103424704594673,0
5.686276317412622,12.643391801556133,177.0439535950215,-43.458012290952,27.620430398994984,-4.907972704483764,0.2958534243545787,46.99441779992391,0.6666895259528114,-7.564409098519844,0
-0.2764436265081054,7.849429760324128,141.66368206698897,-4.350483643102418,28.70205442818086,-5.679779126019899,0.6797981232941835,35.36600300718949,0.6784224919068153,-8.594200602261726,1
4.194986104861364,15.036723680109468,235.76774577428745,-28.09603813948124,28.941302819382084,-6.952879220078973,0.103131521694982,39.88676233249943,0.6322003683437031,-10.330216952075386,0
-6.303882283776801,-0.702644558971059,166.31529378793917,5.281685868450211,26.368567727615144,-6.736380269253988,0.4871511903689079,32.417380994152865,0.570076623164673,-11.851444378074216,1
2.903622224574316,16.5195972487197,223.91077600527433,-21.44231028736778,28.456335523604697,-5.568431824845545,0.3813937912219369,25.84819311310075,0.6303831207076461,-3.944358582425214,0
6.066239387321914,8.23968827872729,207.16875001648197,-34.83951011821,27.9639704872855,-4.854587682325705,0.3392121988018485,51.20386938767954,0.6329007762748904,-13.430220402050342,0
-18.9493640342687,3.885785215338582,152.0492470806295,-89.3849205585813,27.938597530437104,-7.176485819549146,0.6276290707051123,41.06381387665319,0.5791086991665292,-15.42193511477148,1
4.4415046858231575,11.519904142444998,213.0209947615822,-65.72866568731942,28.00782918495911,-6.45352473733848,-0.0923791868786411,36.27039123733186,0.6621785385541341,-13.610056975800836,0
3.5013850915100635,5.327669220392769,293.36631766276787,-34.655641467481885,29.01590447270654,-4.452151824021305,0.9348555782207344,73.18896415665918,0.5797754342567875,-9.43948423718684,0
4.475384169318527,13.64422801317484,295.5091774136993,-60.414102652663246,28.018268618980947,-5.079329697727563,0.4370303181923766,49.0183197893724,0.5810932197782138,-4.841851347715551,0
2.017244579604517,3.6740034951196745,163.8974913884668,-67.03755661054228,21.838221442308143,-18.829066798684508,0.0675839498584175,49.17396652287614,0.6459461019517854,-15.546621574317422,1
6.861522230963714,13.620632419965176,128.36398395297067,-41.1237839969905,27.98729695169079,-2.585447598414592,0.5367070626653453,46.20766874893739,0.6431489347852071,-11.280209461253104,0
6.090086945970887,19.54828914967756,314.64053507515825,-3.951236540189445,28.056413670777683,-5.741251487188202,-0.1524659901200022,47.08350428246741,0.6094692218667972,-5.841473853047753,0
-6.396711180762697,4.256619628023613,134.66514401272525,-3.375874194994033,23.43735942791758,-25.18991942147888,0.1631232587290278,21.714506488677294,0.4049017415926942,-9.420928663185745,1
-15.444468797164353,10.974536523888812,135.46909329310432,-67.60100732160876,19.848814841450935,-21.85069418108348,0.212633526085802,36.7145642310433,0.6757425278623725,-4.6562345177148,1
-10.540876677056236,12.98670994429736,175.81314619545762,-56.456668662415254,24.416094078942905,-4.312511163086624,0.6014254291367035,7.721479212485185,0.5872512075277029,-18.387080537641623,1
-2.5923984387629138,3.855424479011425,141.477271857489,-24.946982810195813,27.71431334567346,-6.882429972070561,0.5903375970521112,53.237303783200886,0.6156445500857001,-7.27994929626564,1
7.1967269068505075,7.5882054683299005,270.61324243502975,-26.551173829067594,28.98976870874374,-5.5533644362222,0.2043393836863763,49.76002368565119,0.5349323905794476,-8.718508663752294,0
-6.176351226543334,7.537081960714442,332.09161688209576,3.3533583886586307,28.998124859722907,-6.500149380158836,0.1719429025595837,25.89673934209147,0.5439759159925238,-7.239524444227525,1
-3.477847011852389,3.0476953964551283,133.6105736817117,-10.367195221116589,27.31567911858118,-6.076385881982424,0.1255411843549581,48.79891600548552,0.5441080883007782,-15.524697791004192,1
4.935448312434832,14.9212683758546,171.99703146901197,-35.778040733539136,27.986613934947144,-6.074349028198877,0.2192488355840199,45.701624828153534,0.4887956545626511,-13.165446341216848,0
-4.108140371705088,0.7198222689926048,110.52810639582091,9.712530331450992,23.73933597771157,-24.568264402217487,0.2562880808362811,40.615716730475185,0.540442621807119,-10.834076204993009,1
-20.543300921872618,7.395836360477101,145.893838123713,-53.88993816876965,22.845296167358097,-22.44093340526422,0.0045907002386988,21.39353006964087,0.4695564673465355,-5.908133466034312,1
5.396844975320584,6.711657464085959,274.6404930810169,-23.93585470335456,27.983470564159006,-5.926730853074814,0.6715776968670726,65.21989567982271,0.5338301294768949,-8.706516458846933,0
6.231567905348963,13.89390054079733,215.92944641799977,-20.75581530161159,28.38042566502232,-7.116297767539572,0.2339731291636525,39.99538632349331,0.6946118853839449,-8.85452078979873,0
6.212689039228143,12.965844475048236,228.1739329396752,3.343430112622741,27.126636106002916,-8.10738762019055,0.4749551216000179,44.00667485994887,0.6501055638586345,-1.444298938533187,0
4.486532102670903,8.70001084055096,193.10735680816117,-16.63603305265196,26.72037876588529,-7.191981533833114,0.2145722620591337,63.94555609024148,0.4946480178536564,-11.20777653377243,0
3.310814423204901,15.499389699405064,260.13997922216544,-18.758845053289978,29.05980738702175,-8.31471342658897,-0.0175820006254382,52.418038870141224,0.6535270976353487,-11.025028896987854,0
0.6815336816079789,19.75573536504104,169.68498213281063,-34.12503951269373,28.661594188824083,-4.610448579206025,0.0072646500385074,33.460390297322014,0.552824751983477,-12.155842425745288,0
3.073009008192599,14.555036882956008,247.41857509377067,-41.40340847659291,27.405317733772495,-6.84699764454299,0.7578594113138557,52.56451587527712,0.626647106645497,-12.584579029674742,0
6.283573798159815,14.22233077325234,346.9462379488696,-17.933069084165595,28.363549925801305,-6.77018316583646,0.6266645871854196,38.99314917900749,0.6180474160771358,-13.82041814532296,0
-3.170289729470684,4.683322671618951,167.86673069559856,-25.298527670927538,28.276646645603353,-7.835591655946175,0.1419536557901763,54.30616064628085,0.5136192217085938,-15.081136637930689,1
3.668297439105812,9.483561442361626,255.88086783428244,-30.87088465523949,27.592408702451593,-10.002491148692808,0.7526207449379176,45.363460927046575,0.6074376635161264,-11.186430601431368,0
2.882572804285671,11.381505145798087,317.5502154714844,-32.30770489795473,28.646403399127195,-5.882473558259177,0.4597908428260725,40.76016169238359,0.7130703542341634,-11.112936628080387,0
-9.79159123447504,6.655216388558516,155.4078747729293,-32.000433551629655,21.00284810055671,-13.762488536509917,0.5517809959135326,57.227001863660874,0.5567581064378144,-7.554598182296292,1
1.183566674979473,12.817175458994951,268.7867960836091,-24.649282042514855,27.92645294304332,-6.807440514925367,0.4258212563349305,53.0871601172324,0.610821300307835,-10.867691789241192,0
-1.897478873845769,2.7321526049874874,138.4803206213236,-43.662648778806854,24.61509812815643,-19.56553190931672,-0.2293877495356962,20.017698717737485,0.7240754069590074,-13.237008505206688,1
6.399839239161091,19.726498716150704,212.70764218907732,-2.95254624343713,28.739929920748477,-8.710061123856928,0.4807266535344658,45.0718447235005,0.6226362802639613,-3.708184054134239,0
6.454288734008003,7.49516603443545,243.04153985710948,-18.16568427861374,27.062228945106224,-5.8354600421774006,0.5361888415423414,31.446480269662775,0.526052671606009,-8.058053234479798,0
4.508199417294111,13.6360812198073,212.07256483063247,-10.801956630404366,28.6283639044468,-6.197912724361076,0.3923698559188293,34.250395596076025,0.6303060369272898,-7.452905887606077,0
4.218138433987222,8.679579084253305,260.0525358354121,-51.79183902577483,27.84886934408813,-6.788060794554398,0.8313116974420701,31.452071072622893,0.654963242961079,-16.071933541741743,0
4.25119742753943,4.620382470917633,226.45166526048575,-18.284493386216525,28.856149004889264,-5.922440363583468,0.1514683073006898,33.74049741432477,0.6905901017608013,-11.382609332664536,0
4.930832297552376,8.690872075025105,276.1469011724087,-46.87339073202847,28.067386843744316,-5.791187680810751,0.5660389841165917,53.33754396417754,0.6738934545435976,-8.51116377121484,0
6.4581640211378515,10.700531691628514,242.25516753603895,-50.334606694989695,27.949316276906043,-6.637040674794734,0.1752261902978006,48.2021013667739,0.5699918000852754,-15.20719633258763,0
-0.2763860325884497,3.47890025163377,167.08990527316348,-34.50258926166582,28.076971997538255,-4.4028203867427385,0.7754805661782451,37.984529267086344,0.5002134945562872,-7.115145035904938,1
5.084473317805737,16.05689480500716,265.6792323060116,6.253571859332482,27.283340871439943,-4.445086770867474,0.2875588304784719,12.213712255562598,0.5727634494245261,-6.422905036398986,0
2.355854989556485,12.45559354518456,218.56514259822853,-29.69730126994264,27.54512537166993,-7.515491417117147,0.0478165446517662,51.759989000549155,0.769530184107138,-11.155054031750756,0
4.029125945597166,18.865851742764505,216.99779980351485,2.220548133887739,28.310546471440414,-4.720925521586269,0.2391726029936604,62.00379921729263,0.5630368288344438,-5.1981666882588415,0
5.144035835480859,24.781080517578964,363.226184436392,-12.49512475896515,28.517365693573115,-4.990669372879045,0.4854267002753272,66.17442344191178,0.7330422496156664,-12.10200025691313,0
6.26595286848636,14.64447543621214,199.3814144641186,-33.034175594902635,27.44173364224609,-7.123822467105573,0.7480144902617671,53.95018031474138,0.5175666504078493,-16.87127112085974,0
6.174318143986542,12.990741630102416,275.6756926352324,-27.086152213618064,28.11279996551404,-6.943141065761972,0.1989114531666573,6.538886716393897,0.6846302870581252,-14.574343304969076,0
8.435300509196368,8.377378789402552,170.21599398776786,-35.702845075560475,22.38488273650785,-15.67006640011463,0.6979025559796153,21.438020095622424,0.4489524595606831,-20.354106285039745,1
6.178162682069063,15.364186790329104,146.34805936465148,-34.96252050060303,28.391182342736805,-4.9205792867104226,0.5229461017242993,13.988021705455717,0.5943954531148001,-7.603263664152836,0
6.123311739366904,15.480640079366326,338.5236855505663,-11.23049592712188,28.339019298042988,-6.15381105505247,0.8481596804646534,21.74863697504423,0.6278997956546648,-15.221356809708409,0
7.718763312283683,10.537318973944773,218.59175313971537,-46.53228382351379,27.89991304641724,-3.0472204299670813,0.6067227247270136,60.00182800238926,0.7388960536612327,-7.943206182834764,0
5.548356457727422,9.511164559122165,318.16749030975427,-25.5351816518331,29.35525810082451,-4.985921988919476,0.7740529736742745,35.71376238484291,0.7358974489751411,-9.015507302334342,1
5.207572779691386,9.426533958550404,293.8483887522637,-20.133210935884197,27.620068636572373,-4.588663107826358,0.3560744726560139,63.49249042567484,0.6109840456183283,-11.52137171322562,0
3.195539785347867,3.787343632442436,151.01147974519293,-14.276096172979592,26.591498930677393,-5.951086124114849,0.4718673343034512,64.49574230439947,0.4700820388287771,-11.93192313342297,1
