50,10,CN,AD
5.2966020850493,18.061811431937983,118.41950871245058,-32.12679086900117,28.779609564775484,-4.007136952070793,0.4444463406113967,49.869809171754696,0.4879065552788571,-13.87327950924696,0
7.300037543079963,10.505497603413886,201.5414197774861,-7.162934988301711,28.259548667290975,-7.51339855578173,0.5783498884072744,30.008353181028173,0.6133873244954312,-14.846318462222644,0
3.6791522357024578,4.441452886675606,296.73219027399693,-22.47164035107274,27.148946294098423,-3.496726960211429,0.4870024738064646,29.13588471850298,0.5645398642554148,-11.230176959137747,0
6.313608808817529,1.9140086375913583,269.2683633577435,0.891138009554286,28.58805761074277,-5.940375898213104,0.2928581222604983,50.58370232370807,0.6996734430342909,-7.806570570205726,0
4.009315058902754,5.771542250417511,163.69340400670148,-13.180487193252103,23.485105314913255,-18.63533181464563,-0.140833704518224,45.472362557782105,0.7402173787726055,-7.618301230651276,1
3.455170689078823,7.005730957499415,303.3753214112739,-15.445665767657191,28.278792326882648,-7.413502840350935,0.7447982567125011,51.74818906220059,0.5702103807724102,-8.26984241062271,0
6.865561735698811,14.132899084616293,276.22527665791966,-27.55948192305149,28.587746989566423,-8.579188169243285,0.3707779447405943,23.924458416996348,0.7057659437292298,-13.169514184871613,0
6.682657892284121,7.322943920766029,243.99397602783645,-53.75917657064139,28.162248279968505,-6.275022542716435,0.3105570113419524,49.15864418688341,0.6007831312608085,-11.878936349891658,0
11.609756519185634,3.082854963514331,128.87135687998725,-58.2242013900313,23.32305632339083,-23.068155687597717,0.053819572256487,31.900159460833095,0.5498358423582104,-14.263596563538396,1
-5.4542921680336,2.757532074717373,159.65611587455612,-62.51140135488597,28.03927544774344,-5.838995624650433,0.2136963565416425,39.535854323559285,0.7079835552755791,-2.8510945497070814,1
6.2573919800410405,9.651061275444,259.6167800788093,-22.677204130188088,27.025609962407003,-6.368437204151418,0.4768675271566182,50.38654998529662,0.5703277224109617,-7.258101353663586,0
-3.0404372901679793,10.389711466566872,318.6938871929574,-26.048009698896195,28.006722133703885,-4.848525170658675,0.7632375236269595,48.95040119625148,0.4482669518333594,-14.832771410457369,1
-4.936135951100041,3.609194164609496,146.5957413473052,-60.36750809404594,20.254186885708524,-18.60743085788122,0.6621421773818574,22.37025434281958,0.5953102317178105,-23.801215031505997,1
5.6064699264774545,19.916726237857503,240.95380905207327,-12.27315603886322,28.11590717312696,-4.086750941341778,0.8872635524143574,43.07665757870279,0.6627276285443527,-2.0253725287285507,0
5.619369542169501,9.304207385026205,189.3760278221424,-18.825974533989605,27.805951474661175,-5.490116626701175,0.3330308103874226,33.55986585877419,0.6540604907669161,-10.692412430526703,0
3.7144171249334166,10.0628045457254,312.94863652704043,-42.28373120696498,27.360796537503013,-6.586219052294057,0.1231246973990843,32.6321063509762,0.5334857769618271,-9.40126495165656,0
4.767519098080084,13.175210011367104,284.9017508321107,-16.94850375927839,27.243761060314934,-5.095985750015096,0.404152836347114,34.0981099753015,0.6506396560274251,-7.0987555653433825,0
5.860016183136698,11.907668832517416,317.36278232100915,-19.01024880563287,28.184933213857384,-6.8419373368412595,0.2321909322580698,42.83471073950162,0.6397505053980578,-9.252896035618807,0
6.600818593865999,16.08010261876197,273.34180672308423,4.85963597872286,27.830922987105904,-6.34596687744481,0.2735524617465056,50.41107097893852,0.4955895320769719,-13.70400379150114,0
-11.96745732953432,0.8198967614458326,171.06060982740354,-70.05712076779454,19.63635153997071,-5.664185993699132,0.49814367007224,35.915357640750074,0.5312166052447865,-15.70387785622847,1
-0.0912926274628134,6.942357074383009,166.9286558911405,-36.955643291535296,27.39334147588588,-6.63558054334235,0.6056379862267396,15.58635148010789,0.6296409747397361,-9.16402031000272,1
2.75693616047861,15.194181430932517,276.61848923613394,-3.1290293766450965,28.323802406770323,-4.663309011363397,0.274127001267198,42.459532381627334,0.5998702310935393,-10.99130000845023,0
5.102778549349154,9.168189267913473,285.89085772910835,-13.422999159562847,27.3834800829082,-5.459407262293084,0.8172576157062004,44.87400672905076,0.6525578877948004,-9.112670116039606,0
-9.505401090769958,10.253465632317011,260.3095399862134,-37.173319199460465,27.324164626427834,-4.226249982648903,0.1509618702741936,43.39249244735005,0.6736884445088615,-6.1766296622275885,1
3.6034222710011754,15.990420997285336,250.124317171399,-46.79148766876979,28.30310586955352,-7.9396301945887,0.698224370257272,36.99346944145464,0.6453830565443079,-10.365533169791345,0
4.004964031438364,14.253895437697714,172.2443309398389,-22.170949236544132,28.63588216879461,-6.288051235280675,0.8575750277159688,6.056846438194306,0.6175407058178963,-6.697328196690533,0
-9.234872460758949,5.487465753266322,155.12576662472114,-96.84135618101745,20.383600474250976,-20.65079841762769,-0.1461136559248513,42.1869212602576,0.7045064520705461,-8.548115763195092,1
5.787881069263386,8.828867363448623,254.0954174906974,-33.21286563326757,27.71223947307532,-5.934015521611816,0.5559547812871968,63.48184555232043,0.5532889110138197,-10.38053567086129,0
-0.6785048565914735,18.85147297189502,215.638777311923,-10.865479167587075,29.91758479157904,-6.869934854980442,0.3084622297518655,42.64266214374084,0.5517009655308027,-8.054045368977828,1
6.4847793476779225,11.746585622664952,292.36378736126613,-1.1600968088325914,28.054216840631973,-6.870865023498089,0.3625812318899711,13.95801639628628,0.5774026692550785,-7.747277242066651,0
5.90453497375122,5.092581202668158,249.96996273620977,-1.1455586678104126,28.126960343052595,-5.067494506112273,-0.1476822993364905,49.28088555184751,0.5881938037081105,-14.612057968819228,0
5.195867099713026,8.632877020669543,291.88704321290936,-11.139697083296529,28.190222065512327,-3.909106131023555,0.2481447234774419,38.939596748513246,0.6719387449860477,-10.699503708616326,0
4.756245605977862,7.078150042503526,249.44401060912503,-29.594046250149095,28.75319745561271,-6.901145277396424,0.2318748760341594,37.48346490659102,0.5994401942778192,-13.051681830737872,0
2.9061605466969014,17.23305754543621,236.09426342887676,-22.462832808740103,27.44429352953661,-6.028047743035126,0.1530497364078347,23.96260158493049,0.5150654278139134,-6.397540899080708,0
8.125999411115949,6.489319963311386,195.29070750823053,-3.729502227687341,28.40906373049295,-3.9273427135445615,-0.1208713829307752,35.0799532429033,0.5132231164076049,-6.172872195586496,0
5.001166038781788,12.263519404109507,270.37840304597825,-38.90367684237984,27.957545564323475,-5.0044445095536165,0.3869707213183025,21.20607174294242,0.6718911903624819,-14.198410700033282,0
4.995573882874879,15.583321124248378,260.40936683424593,-10.61265022323361,28.076071999411734,-5.427881798445924,0.5302537095192177,42.879445357565714,0.4675636021899031,-13.240883538793003,0
-0.738934432276527,6.378474449577119,163.88725140365264,-100.2917107700082,22.424711542240313,-10.524441721575624,0.1470138640627769,18.110944343672045,0.4813451007992084,-15.340069826057238,1
4.385528405043024,9.189042647898177,194.5808382337308,-59.07696257215799,27.307687505963163,-2.9753485481369917,0.462082190541256,55.12821252624629,0.5119399439849865,-13.81859782368714,0
6.955275340927612,14.829040213964577,219.03504690179048,-23.156521215093218,27.1715161165684,-9.46456720394032,0.182234589889089,52.03696269237851,0.5439348790938905,-5.529912486076744,0
4.089468555350958,13.683190181889488,337.84807805731543,-25.0444252721348,28.597245388494706,-6.637934352152191,0.3896698080174186,33.02594554882746,0.6852384023070758,-10.758708038231498,0
3.944047343642666,10.36031860981772,257.01878982168074,-9.980309789041293,27.81555055844359,-8.462924235711244,0.572648204133331,49.44239890329385,0.7702827343767027,-14.27678774922536,0
4.54224452074175,8.820706479717137,132.69746396571574,-36.883306774755425,27.70133977732327,-21.68152250258912,0.6093068777187292,13.137005485320294,0.5491388214078325,-9.141653383211636,1
3.822780691091027,12.277361037494035,316.8254560851,3.4021511320241373,26.042673293516607,-7.200458164825739,0.3839100055014348,32.63612840248856,0.535716426533234,-12.916452478347107,0
3.332140408821531,14.491315535205182,337.17402865210204,-60.31516694354996,28.245978075384897,-4.071011658023901,0.4417099251441575,66.60158840392,0.5854657835944488,-10.207030631994211,0
-8.263678426549731,0.936033008237552,137.52172247132887,-58.67712634983781,25.2384005177526,-29.12103500526488,-0.0535289570676996,28.69834979129223,0.4919204783761899,-16.789071717778207,1
4.606058190902926,15.9642108028512,143.09553137158724,-56.84339589965657,27.70415195230622,-4.972446848878048,0.3344642530685692,27.232724255731338,0.5713557456778771,-7.362179719784095,0
3.3515693581219295,7.838407363466996,243.8040509306462,-58.77788836121375,28.21702891388823,-6.40957494093079,0.5785223570391542,48.888104548586455,0.6341378465933188,-7.193476930204973,0
7.321616392606251,9.165389711334369,275.24833070052364,9.365942628525488,27.79453838258788,-6.561922157301791,0.2565869913889065,50.077981122689714,0.4602003524446502,-11.20465712015406,0
3.712269318925083,13.533542940892456,243.61663274513776,10.483868038352142,28.871661376064125,-6.030631896383988,0.5313823076512967,18.234297028983164,0.6465683902614247,-15.960633125162696,0
