participant,biomarker,measurement,diseased
0,HIP-FCI (1),-13.983955177481,True
1,HIP-FCI (1),-7.468974423731764,True
2,HIP-FCI (1),-4.890378585828216,True
3,HIP-FCI (1),-8.295754293788129,True
4,HIP-FCI (1),2.304461416932625,False
5,HIP-FCI (1),0.22520902545433863,True
6,HIP-FCI (1),-4.759882254859819,True
7,HIP-FCI (1),-17.475297791773066,True
8,HIP-FCI (1),-19.07973421273381,True
9,HIP-FCI (1),-19.552923717878937,True
10,HIP-FCI (1),3.1605189219536296,True
11,HIP-FCI (1),-7.4414771699431554,True
12,HIP-FCI (1),-0.3035917251468545,True
13,HIP-FCI (1),-0.25936425870954327,True
14,HIP-FCI (1),-4.924090523094486,True
15,HIP-FCI (1),-7.258499091948005,True
16,HIP-FCI (1),-7.854079028553784,True
17,HIP-FCI (1),4.37452781488926,False
18,HIP-FCI (1),-7.557862856131322,True
19,HIP-FCI (1),-1.7988729821814604,True
20,HIP-FCI (1),7.75872731119947,True
21,HIP-FCI (1),-0.07454354819694231,True
22,HIP-FCI (1),-2.5870354960563304,True
23,HIP-FCI (1),-14.87044443135411,True
24,HIP-FCI (1),-7.720340914845982,True
25,HIP-FCI (1),-18.397108842794204,True
26,HIP-FCI (1),7.611172688153861,False
27,HIP-FCI (1),-6.099995299811258,True
28,HIP-FCI (1),-7.543600961943792,True
29,HIP-FCI (1),-5.1661635783223385,True
30,HIP-FCI (1),-3.83024785206197,True
31,HIP-FCI (1),-18.41517473618525,True
32,HIP-FCI (1),-1.8632436680975433,True
33,HIP-FCI (1),4.958537531356016,False
34,HIP-FCI (1),2.592664143292901,True
35,HIP-FCI (1),-5.870172112045242,True
36,HIP-FCI (1),-4.960823622520766,True
37,HIP-FCI (1),1.3714417647071455,True
38,HIP-FCI (1),-2.4064568365205274,True
39,HIP-FCI (1),-13.535088019368178,True
40,HIP-FCI (1),-15.826684534497053,True
41,HIP-FCI (1),-12.447373635011708,True
42,HIP-FCI (1),-6.832251621221278,True
43,HIP-FCI (1),8.722523825201208,True
44,HIP-FCI (1),4.451851587272079,False
45,HIP-FCI (1),3.8618813360858617,True
46,HIP-FCI (1),-7.784833684040841,True
47,HIP-FCI (1),-0.9843370838409937,True
48,HIP-FCI (1),4.269985213457941,True
49,HIP-FCI (1),-13.280187535278605,True
50,HIP-FCI (1),5.58485818484613,True
51,HIP-FCI (1),6.657384202673975,False
52,HIP-FCI (1),2.011949941642145,True
53,HIP-FCI (1),-8.240624869980302,True
54,HIP-FCI (1),-4.587681616314364,True
55,HIP-FCI (1),-0.8753766758535493,True
56,HIP-FCI (1),-10.357025853314369,True
57,HIP-FCI (1),-15.588287841637108,True
58,HIP-FCI (1),2.973784551287335,True
59,HIP-FCI (1),-6.157240901096768,True
60,HIP-FCI (1),-13.120140813733544,True
61,HIP-FCI (1),-4.754015987612282,True
62,HIP-FCI (1),-6.229756303118254,True
63,HIP-FCI (1),-1.952673929257295,True
64,HIP-FCI (1),-8.295570398492385,True
65,HIP-FCI (1),3.331200678905388,True
66,HIP-FCI (1),-0.3824379324841196,True
67,HIP-FCI (1),-5.97986772887606,True
68,HIP-FCI (1),-0.9213174633736179,True
69,HIP-FCI (1),7.488106267964966,False
70,HIP-FCI (1),-1.98049620287461,True
71,HIP-FCI (1),-7.41254724025594,True
72,HIP-FCI (1),-16.918329509220616,True
73,HIP-FCI (1),-4.58304696977511,True
74,HIP-FCI (1),-6.044910576670415,True
75,HIP-FCI (1),6.230870895583108,True
76,HIP-FCI (1),-15.065010476339626,True
77,HIP-FCI (1),-7.352665595784432,True
78,HIP-FCI (1),-7.234378038851991,True
79,HIP-FCI (1),-10.262463394519497,True
80,HIP-FCI (1),-5.281707495844338,True
81,HIP-FCI (1),-3.801475150791222,True
82,HIP-FCI (1),-6.554179799780165,True
83,HIP-FCI (1),-2.2916901273202077,True
84,HIP-FCI (1),-3.803695242442688,True
85,HIP-FCI (1),12.873103125584556,True
86,HIP-FCI (1),-4.853494631988603,True
87,HIP-FCI (1),-6.123023224444374,True
88,HIP-FCI (1),-13.523914362080113,True
89,HIP-FCI (1),-5.27608883828802,True
90,HIP-FCI (1),-4.25962787523227,True
91,HIP-FCI (1),7.269906322487321,True
92,HIP-FCI (1),-8.514321487678373,True
93,HIP-FCI (1),-5.049807824752496,True
94,HIP-FCI (1),6.62981189014709,False
95,HIP-FCI (1),-13.973301253015798,True
96,HIP-FCI (1),-3.2020998097983027,True
97,HIP-FCI (1),-8.423431443841821,True
98,HIP-FCI (1),-9.380316680930125,True
99,HIP-FCI (1),-9.705783962124785,True
100,HIP-FCI (1),-8.265995158939319,True
101,HIP-FCI (1),1.14262294477569,True
102,HIP-FCI (1),-1.5719971162081405,True
103,HIP-FCI (1),5.716608643048247,False
104,HIP-FCI (1),2.19397520591301,True
105,HIP-FCI (1),-8.497723509390688,True
106,HIP-FCI (1),1.4288424256605605,True
107,HIP-FCI (1),10.025861701687527,True
108,HIP-FCI (1),-9.79313947288978,True
109,HIP-FCI (1),-0.693794747529008,True
110,HIP-FCI (1),17.457855484378236,True
111,HIP-FCI (1),-1.802360435841945,True
112,HIP-FCI (1),2.323306688246105,True
113,HIP-FCI (1),-4.75116852666222,True
114,HIP-FCI (1),-2.169268749493774,True
115,HIP-FCI (1),-8.189380561411808,True
116,HIP-FCI (1),-2.3564062688341445,True
117,HIP-FCI (1),6.217528435377673,False
118,HIP-FCI (1),-0.3470981400436255,True
119,HIP-FCI (1),-4.366604546392528,True
120,HIP-FCI (1),1.6697323578735812,True
121,HIP-FCI (1),-8.108017300735444,True
122,HIP-FCI (1),-3.0030081434347773,True
123,HIP-FCI (1),6.171962333733983,True
124,HIP-FCI (1),-6.923931219897998,True
125,HIP-FCI (1),-11.519126525698976,True
126,HIP-FCI (1),2.576735783610733,True
127,HIP-FCI (1),5.1533270675862735,True
128,HIP-FCI (1),-19.77362127398404,True
129,HIP-FCI (1),-4.628170197713427,True
130,HIP-FCI (1),-19.20438518759683,True
131,HIP-FCI (1),5.742907554170188,True
132,HIP-FCI (1),-6.825777285890807,True
133,HIP-FCI (1),3.392539110440204,False
134,HIP-FCI (1),-15.261601536515938,True
135,HIP-FCI (1),-4.258542112312947,True
136,HIP-FCI (1),7.01686196085144,False
137,HIP-FCI (1),-5.976499560711508,True
138,HIP-FCI (1),-4.73469126254556,True
139,HIP-FCI (1),-4.788951193942925,True
140,HIP-FCI (1),-9.196122630468313,True
141,HIP-FCI (1),-1.6378442102587636,True
142,HIP-FCI (1),-0.9856537876393725,True
143,HIP-FCI (1),-7.132109470641655,True
144,HIP-FCI (1),0.6317243459971102,True
145,HIP-FCI (1),-2.5397497380714884,True
146,HIP-FCI (1),-15.450765664807472,True
147,HIP-FCI (1),-1.1595857846404338,True
148,HIP-FCI (1),-23.01437322264953,True
149,HIP-FCI (1),-7.074944223970716,True
150,HIP-FCI (1),-1.0033519880647792,True
151,HIP-FCI (1),-10.30392572233962,True
152,HIP-FCI (1),-7.708079037212914,True
153,HIP-FCI (1),2.8055805466844146,False
154,HIP-FCI (1),-1.438162960858973,True
155,HIP-FCI (1),-5.146663055618001,True
156,HIP-FCI (1),-5.589218057824794,True
157,HIP-FCI (1),0.9651548899963291,True
158,HIP-FCI (1),-9.952438568333523,True
159,HIP-FCI (1),0.9141517604598803,True
160,HIP-FCI (1),-8.8017169712275,True
161,HIP-FCI (1),-10.22135010082553,True
162,HIP-FCI (1),3.691672116128232,False
163,HIP-FCI (1),-6.864565030281961,True
164,HIP-FCI (1),-10.642623502747503,True
165,HIP-FCI (1),-8.308218212430646,True
166,HIP-FCI (1),-15.994768758229645,True
167,HIP-FCI (1),1.8482981269025558,False
168,HIP-FCI (1),5.754403956434475,False
169,HIP-FCI (1),-0.11264451742821446,True
170,HIP-FCI (1),0.6487714121906185,True
171,HIP-FCI (1),7.116339036007371,True
172,HIP-FCI (1),-10.908053063155561,True
173,HIP-FCI (1),-11.78667151051496,True
174,HIP-FCI (1),4.903131400455951,False
175,HIP-FCI (1),-5.2474785792299885,True
176,HIP-FCI (1),5.282125544275407,False
177,HIP-FCI (1),-17.62522490788526,True
178,HIP-FCI (1),-17.134313273334346,True
179,HIP-FCI (1),-8.041753934963864,True
180,HIP-FCI (1),-7.129615761222954,True
181,HIP-FCI (1),6.118507317628586,False
182,HIP-FCI (1),-16.71443452603174,True
183,HIP-FCI (1),-12.980771488337624,True
184,HIP-FCI (1),4.269013791773216,False
185,HIP-FCI (1),6.231800973630655,True
186,HIP-FCI (1),-6.306879566344796,True
187,HIP-FCI (1),-12.736655798764186,True
188,HIP-FCI (1),7.941995078482577,True
189,HIP-FCI (1),-3.5942374751628074,True
190,HIP-FCI (1),1.9905927013956832,True
191,HIP-FCI (1),-2.0742977930619633,True
192,HIP-FCI (1),-15.47905258240167,True
193,HIP-FCI (1),16.81320072968146,True
194,HIP-FCI (1),0.031805609186020156,True
195,HIP-FCI (1),-5.530065289238726,True
196,HIP-FCI (1),-10.069482955486666,True
197,HIP-FCI (1),-2.13841538173356,True
198,HIP-FCI (1),-10.29393802176918,True
199,HIP-FCI (1),-3.4093247640567457,True
200,HIP-FCI (1),2.1048937208255762,False
201,HIP-FCI (1),-2.84728803012003,True
202,HIP-FCI (1),-16.365029817108514,True
203,HIP-FCI (1),-1.2541199488651325,True
204,HIP-FCI (1),8.564403141690516,True
205,HIP-FCI (1),-4.189207914226818,True
206,HIP-FCI (1),-7.735061267006309,True
207,HIP-FCI (1),6.043207909869935,True
208,HIP-FCI (1),-9.77969713328,True
209,HIP-FCI (1),-6.253362768177774,True
210,HIP-FCI (1),-5.134583858932717,True
211,HIP-FCI (1),4.07658404863856,False
212,HIP-FCI (1),15.487761239313787,True
213,HIP-FCI (1),-11.965732842458376,True
214,HIP-FCI (1),2.214297698496954,True
215,HIP-FCI (1),-3.8765532452826816,True
216,HIP-FCI (1),-7.714840006892745,True
217,HIP-FCI (1),-0.021916698771144993,True
218,HIP-FCI (1),-5.656348509117851,True
219,HIP-FCI (1),-2.893992746355358,True
220,HIP-FCI (1),-8.616416993494777,True
221,HIP-FCI (1),-17.504858882969128,True
222,HIP-FCI (1),-6.386914180743122,True
223,HIP-FCI (1),-8.88125700614466,True
224,HIP-FCI (1),1.2665259837027643,True
225,HIP-FCI (1),-2.900339293152309,True
226,HIP-FCI (1),1.9610788974316131,True
227,HIP-FCI (1),-13.93004751964727,True
228,HIP-FCI (1),-4.441852210622911,True
229,HIP-FCI (1),3.608829771182231,False
230,HIP-FCI (1),-5.129124783408871,True
231,HIP-FCI (1),-7.924735299121965,True
232,HIP-FCI (1),-8.874976953344053,True
233,HIP-FCI (1),-6.830202691246458,True
234,HIP-FCI (1),-3.931491754416472,True
235,HIP-FCI (1),-1.1813314084179094,True
236,HIP-FCI (1),12.666851671266024,True
237,HIP-FCI (1),8.886074454025596,True
238,HIP-FCI (1),7.672608893854438,False
239,HIP-FCI (1),2.510407977135211,True
240,HIP-FCI (1),-14.896276856349482,True
241,HIP-FCI (1),-8.074279396452356,True
242,HIP-FCI (1),-5.383562824302421,True
243,HIP-FCI (1),-0.3163802844846799,True
244,HIP-FCI (1),0.01423759517149037,True
245,HIP-FCI (1),-13.585332295506776,True
246,HIP-FCI (1),-3.081631500648756,True
247,HIP-FCI (1),-2.3437385233149493,True
248,HIP-FCI (1),5.000576582469301,False
249,HIP-FCI (1),1.2941457763688655,True
250,HIP-FCI (1),2.9977066586188075,True
251,HIP-FCI (1),-4.553121115112058,True
252,HIP-FCI (1),4.298671068100324,False
253,HIP-FCI (1),-6.5246037976835645,True
254,HIP-FCI (1),-3.4621834116818997,True
255,HIP-FCI (1),-9.591359566512239,True
256,HIP-FCI (1),-16.398219129390714,True
257,HIP-FCI (1),6.625857748532663,False
258,HIP-FCI (1),-6.74469511187327,True
259,HIP-FCI (1),-2.2412233170290223,True
260,HIP-FCI (1),-10.93653899139327,True
261,HIP-FCI (1),-7.862533406969865,True
262,HIP-FCI (1),-2.03721888953573,True
263,HIP-FCI (1),-6.508451593212649,True
264,HIP-FCI (1),4.307789817619875,False
265,HIP-FCI (1),-4.080183923509221,True
266,HIP-FCI (1),-10.925390630453228,True
267,HIP-FCI (1),-1.1328552372524814,True
268,HIP-FCI (1),-10.784368011970875,True
269,HIP-FCI (1),3.2951411447584515,True
270,HIP-FCI (1),-4.862032703991259,True
271,HIP-FCI (1),2.59260303554049,True
272,HIP-FCI (1),-1.7742533276712558,True
273,HIP-FCI (1),1.699857377367512,True
274,HIP-FCI (1),0.6604506138826896,True
275,HIP-FCI (1),-3.149361395806526,True
276,HIP-FCI (1),-10.826772384136639,True
277,HIP-FCI (1),1.9124433607817988,True
278,HIP-FCI (1),0.6503085051508188,True
279,HIP-FCI (1),5.02038197757229,False
280,HIP-FCI (1),-22.0929671648539,True
281,HIP-FCI (1),-11.718183603025448,True
282,HIP-FCI (1),-2.487423765339101,True
283,HIP-FCI (1),-1.799949931619448,True
284,HIP-FCI (1),-6.361718429989646,True
285,HIP-FCI (1),-2.999536578809692,True
286,HIP-FCI (1),-0.1847713694252393,True
287,HIP-FCI (1),-9.241006145836746,True
288,HIP-FCI (1),-0.2859850132336623,True
289,HIP-FCI (1),7.414808167875753,True
290,HIP-FCI (1),-18.138165499974786,True
291,HIP-FCI (1),-4.766453063040858,True
292,HIP-FCI (1),-6.14053368979229,True
293,HIP-FCI (1),5.255699489076524,False
294,HIP-FCI (1),-4.655583103605525,True
295,HIP-FCI (1),-3.4361319655309517,True
296,HIP-FCI (1),-8.557270364410238,True
297,HIP-FCI (1),4.0918704862502935,False
298,HIP-FCI (1),1.958692302764521,True
299,HIP-FCI (1),-7.514846696511188,True
300,HIP-FCI (1),-14.811727929618897,True
301,HIP-FCI (1),-6.607201927422057,True
302,HIP-FCI (1),-6.843124027575673,True
303,HIP-FCI (1),-0.1704306217023941,True
304,HIP-FCI (1),4.423446849970344,False
305,HIP-FCI (1),-10.468454557485021,True
306,HIP-FCI (1),-7.430372085080936,True
307,HIP-FCI (1),-6.763059915210572,True
308,HIP-FCI (1),-9.000585117177415,True
309,HIP-FCI (1),-4.684268068980846,True
310,HIP-FCI (1),-23.90826358891316,True
311,HIP-FCI (1),1.7803385639651514,True
312,HIP-FCI (1),-1.4772619138837033,True
313,HIP-FCI (1),-1.21469008563757,True
314,HIP-FCI (1),-4.729523666913566,True
315,HIP-FCI (1),2.4958962256195125,False
316,HIP-FCI (1),-1.3541727991380585,True
317,HIP-FCI (1),-10.160902689868706,True
318,HIP-FCI (1),-2.9840390236022207,True
319,HIP-FCI (1),-17.757261059772524,True
320,HIP-FCI (1),-6.838887327350477,True
321,HIP-FCI (1),-7.687933152489577,True
322,HIP-FCI (1),-0.9463731806845344,True
323,HIP-FCI (1),-5.689373007661739,True
324,HIP-FCI (1),-16.494405853103743,True
325,HIP-FCI (1),3.7588837359159673,True
326,HIP-FCI (1),7.913558418008898,False
327,HIP-FCI (1),6.559420557798289,False
328,HIP-FCI (1),-4.974690981122216,True
329,HIP-FCI (1),-3.2919281726245284,True
330,HIP-FCI (1),-7.034373117982,True
331,HIP-FCI (1),-12.322068442363229,True
332,HIP-FCI (1),-1.6730118165655692,True
333,HIP-FCI (1),-2.420766862436559,True
334,HIP-FCI (1),-10.275140034605158,True
335,HIP-FCI (1),0.556301587539263,True
336,HIP-FCI (1),-6.520132903291027,True
337,HIP-FCI (1),8.743883914607425,True
338,HIP-FCI (1),2.97410936197104,True
339,HIP-FCI (1),-16.298921381919396,True
340,HIP-FCI (1),2.504143677053743,True
341,HIP-FCI (1),16.838143204844883,True
342,HIP-FCI (1),-11.5399803290554,True
343,HIP-FCI (1),2.38327056118937,True
344,HIP-FCI (1),-2.409704337792677,True
345,HIP-FCI (1),-3.161895824608716,True
346,HIP-FCI (1),-5.13800569348639,True
347,HIP-FCI (1),2.377119937362875,True
348,HIP-FCI (1),-6.847182749098821,True
349,HIP-FCI (1),-5.719995846649513,True
350,HIP-FCI (1),-6.7422243046799055,True
351,HIP-FCI (1),1.3500478909335936,True
352,HIP-FCI (1),2.19817008777917,True
353,HIP-FCI (1),1.6044256607450516,True
354,HIP-FCI (1),3.6730498739748043,True
355,HIP-FCI (1),-14.296371082934938,True
356,HIP-FCI (1),-3.2564899415451576,True
357,HIP-FCI (1),-6.38436681911425,True
358,HIP-FCI (1),5.926771351919752,False
359,HIP-FCI (1),1.8571476933039754,True
360,HIP-FCI (1),-7.339368941289641,True
361,HIP-FCI (1),-10.436275145283393,True
362,HIP-FCI (1),-4.4786803475048895,True
363,HIP-FCI (1),-4.014539638449604,True
364,HIP-FCI (1),-11.386121430101095,True
365,HIP-FCI (1),-9.941155949574902,True
366,HIP-FCI (1),4.71592670907284,False
367,HIP-FCI (1),-13.362193331532184,True
368,HIP-FCI (1),2.334278151863553,True
369,HIP-FCI (1),-10.553745285594381,True
370,HIP-FCI (1),8.610649390986723,True
371,HIP-FCI (1),-3.066859530309395,True
372,HIP-FCI (1),-0.3894147071609053,True
373,HIP-FCI (1),1.039274727796534,True
374,HIP-FCI (1),-2.7652524215043535,True
375,HIP-FCI (1),2.0590503246547387,True
376,HIP-FCI (1),-5.090927922811865,True
377,HIP-FCI (1),-8.333804175315475,True
378,HIP-FCI (1),5.315661402187948,False
379,HIP-FCI (1),-6.436192509827668,True
380,HIP-FCI (1),-13.659322626833129,True
381,HIP-FCI (1),-7.823104873980382,True
382,HIP-FCI (1),-8.221224095549488,True
383,HIP-FCI (1),6.5951131762125765,True
384,HIP-FCI (1),6.342640965632132,True
385,HIP-FCI (1),0.12069229836611672,True
386,HIP-FCI (1),0.44318337499892735,True
387,HIP-FCI (1),4.438141819465203,False
388,HIP-FCI (1),0.0012315257301303006,True
389,HIP-FCI (1),13.79690056573483,True
390,HIP-FCI (1),5.6596249511779835,True
391,HIP-FCI (1),-7.04169640249429,True
392,HIP-FCI (1),-3.3844314969532414,True
393,HIP-FCI (1),-14.324488661830397,True
394,HIP-FCI (1),0.11533134253892818,True
395,HIP-FCI (1),-1.538772726385016,True
396,HIP-FCI (1),4.8073958758453985,False
397,HIP-FCI (1),0.5543608528778492,True
398,HIP-FCI (1),2.419220107668054,True
399,HIP-FCI (1),-24.58035004161474,True
400,HIP-FCI (1),2.510304169798065,True
401,HIP-FCI (1),7.515420835987345,False
402,HIP-FCI (1),-4.183514603906664,True
403,HIP-FCI (1),6.216316596542106,False
404,HIP-FCI (1),-14.516856768769626,True
405,HIP-FCI (1),-4.551437017323572,True
406,HIP-FCI (1),-6.743574498013396,True
407,HIP-FCI (1),-1.536947305194225,True
408,HIP-FCI (1),5.2235946147295405,False
409,HIP-FCI (1),-0.9440133294839423,True
410,HIP-FCI (1),-10.914132008373908,True
411,HIP-FCI (1),-5.537940547436151,True
412,HIP-FCI (1),-1.8081758343354375,True
413,HIP-FCI (1),-4.483453494177574,True
414,HIP-FCI (1),8.651077643042155,True
415,HIP-FCI (1),0.7482418814753258,True
416,HIP-FCI (1),-7.726745845162615,True
417,HIP-FCI (1),-5.406603191093623,True
418,HIP-FCI (1),-5.972373204424034,True
419,HIP-FCI (1),-12.673400637293293,True
420,HIP-FCI (1),1.395467397328665,True
421,HIP-FCI (1),-4.828598016545287,True
422,HIP-FCI (1),-4.219771164374453,True
423,HIP-FCI (1),-5.1793765083579615,True
424,HIP-FCI (1),-12.980889850256265,True
425,HIP-FCI (1),-3.9103674945840297,True
426,HIP-FCI (1),-5.300375664413221,True
427,HIP-FCI (1),4.367900096987052,True
428,HIP-FCI (1),10.195431030421183,False
429,HIP-FCI (1),1.100657806703894,True
430,HIP-FCI (1),-7.403119217719773,True
431,HIP-FCI (1),-6.607576355359636,True
432,HIP-FCI (1),-18.229487162190154,True
433,HIP-FCI (1),-8.73537069668956,True
434,HIP-FCI (1),-5.801207094108681,True
435,HIP-FCI (1),4.076268204961481,True
436,HIP-FCI (1),-2.5382550250401605,True
437,HIP-FCI (1),-3.613416650907542,True
438,HIP-FCI (1),-2.836652427068546,True
439,HIP-FCI (1),-1.8254434254089413,True
440,HIP-FCI (1),-1.3900685567070874,True
441,HIP-FCI (1),-8.028063737174607,True
442,HIP-FCI (1),5.2127103103634225,False
443,HIP-FCI (1),-16.83752391458804,True
444,HIP-FCI (1),-0.06171025992125578,True
445,HIP-FCI (1),-17.60553588843235,True
446,HIP-FCI (1),-0.4629764060810153,True
447,HIP-FCI (1),-20.45123798979988,True
448,HIP-FCI (1),-2.351737059033972,True
449,HIP-FCI (1),6.008514729232154,True
450,HIP-FCI (1),-7.183570597650075,True
451,HIP-FCI (1),1.9625674469820877,True
452,HIP-FCI (1),-21.739021510192696,True
453,HIP-FCI (1),3.226755151082127,True
454,HIP-FCI (1),5.2898616258822475,True
455,HIP-FCI (1),-15.841615014073776,True
456,HIP-FCI (1),-7.5782786202254835,True
457,HIP-FCI (1),-8.264814676306461,True
458,HIP-FCI (1),-19.5491300920063,True
459,HIP-FCI (1),-0.8535491109841757,True
460,HIP-FCI (1),-7.901487331999342,True
461,HIP-FCI (1),-18.457741885668998,True
462,HIP-FCI (1),-6.024935546100186,True
463,HIP-FCI (1),6.537194723866402,False
464,HIP-FCI (1),-10.355369422731385,True
465,HIP-FCI (1),-2.51624752616495,True
466,HIP-FCI (1),-0.8158925346587962,True
467,HIP-FCI (1),-4.561740579914572,True
468,HIP-FCI (1),-4.733299528462744,True
469,HIP-FCI (1),-5.482924715941273,True
470,HIP-FCI (1),-12.798291131388545,True
471,HIP-FCI (1),-4.3452001650639875,True
472,HIP-FCI (1),-7.437513891656668,True
473,HIP-FCI (1),-8.774704232285139,True
474,HIP-FCI (1),-3.4863097709821345,True
475,HIP-FCI (1),-8.494687258083019,True
476,HIP-FCI (1),-3.4276095829460766,True
477,HIP-FCI (1),-3.1931996845969235,True
478,HIP-FCI (1),-6.780439681817791,True
479,HIP-FCI (1),-5.086493059930397,True
480,HIP-FCI (1),-10.694520791544088,True
481,HIP-FCI (1),-2.5747304002941735,True
482,HIP-FCI (1),-7.031883373294182,True
483,HIP-FCI (1),5.268534330002819,True
484,HIP-FCI (1),-1.406422864205318,True
485,HIP-FCI (1),-11.944442885820994,True
486,HIP-FCI (1),3.9726077056315257,False
487,HIP-FCI (1),-2.6695139128996375,True
488,HIP-FCI (1),5.537586224677588,True
489,HIP-FCI (1),6.932797348180898,False
490,HIP-FCI (1),2.674151123934302,True
491,HIP-FCI (1),11.435797001046787,True
492,HIP-FCI (1),5.69362588293258,False
493,HIP-FCI (1),-1.4008992568960634,True
494,HIP-FCI (1),5.403489171935837,False
495,HIP-FCI (1),-9.96051541197754,True
496,HIP-FCI (1),-4.663087821389863,True
497,HIP-FCI (1),-15.232997470106584,True
498,HIP-FCI (1),-1.2154473652573006,True
499,HIP-FCI (1),-6.393463338947396,True
0,PCC-FCI (2),12.082128030992488,True
1,PCC-FCI (2),9.70157270124313,True
2,PCC-FCI (2),5.9939863433832095,True
3,PCC-FCI (2),-0.7353278953428362,True
4,PCC-FCI (2),10.71471317921121,False
5,PCC-FCI (2),7.8240997916069155,True
6,PCC-FCI (2),11.189925694174025,True
7,PCC-FCI (2),6.3862198381255,True
8,PCC-FCI (2),2.6947762251036016,True
9,PCC-FCI (2),8.148338440809155,True
10,PCC-FCI (2),6.324504120750401,True
11,PCC-FCI (2),1.0905150405634725,True
12,PCC-FCI (2),-2.997813627665053,True
13,PCC-FCI (2),5.462140331875957,True
14,PCC-FCI (2),7.1952852016031414,True
15,PCC-FCI (2),16.145698467749188,True
16,PCC-FCI (2),8.129817429292249,True
17,PCC-FCI (2),13.135285865548777,False
18,PCC-FCI (2),4.633087853828746,True
19,PCC-FCI (2),7.009165377345418,True
20,PCC-FCI (2),7.8840932871761895,True
21,PCC-FCI (2),11.061924737763986,True
22,PCC-FCI (2),7.541477855805946,True
23,PCC-FCI (2),3.56771037036522,True
24,PCC-FCI (2),7.620522498462147,True
25,PCC-FCI (2),9.64813033191749,True
26,PCC-FCI (2),12.112494437159805,False
27,PCC-FCI (2),10.154137677928853,True
28,PCC-FCI (2),9.571703565661128,True
29,PCC-FCI (2),19.631967933315035,True
30,PCC-FCI (2),7.776180539797861,True
31,PCC-FCI (2),9.437807656925498,True
32,PCC-FCI (2),6.74189348955383,True
33,PCC-FCI (2),14.80842526354368,False
34,PCC-FCI (2),9.180180545253938,True
35,PCC-FCI (2),5.269337450956564,True
36,PCC-FCI (2),9.053140753440367,True
37,PCC-FCI (2),8.1136790769269,True
38,PCC-FCI (2),9.300916410852512,True
39,PCC-FCI (2),-3.425771727667758,True
40,PCC-FCI (2),7.466396971762233,True
41,PCC-FCI (2),5.7442906391583755,True
42,PCC-FCI (2),0.2766466255546449,True
43,PCC-FCI (2),-0.010558270508633782,True
44,PCC-FCI (2),11.581377155822246,False
45,PCC-FCI (2),-1.652723896983841,True
46,PCC-FCI (2),4.023472481326631,True
47,PCC-FCI (2),13.301854778387138,True
48,PCC-FCI (2),6.732921193541125,True
49,PCC-FCI (2),6.4022866395932265,True
50,PCC-FCI (2),4.404992591370283,True
51,PCC-FCI (2),13.498435634907363,False
52,PCC-FCI (2),5.335150138416007,True
53,PCC-FCI (2),3.024207786748389,True
54,PCC-FCI (2),9.245249619518798,True
55,PCC-FCI (2),5.373989270738312,True
56,PCC-FCI (2),7.697696104202867,True
57,PCC-FCI (2),6.770655451863869,True
58,PCC-FCI (2),2.955082137296586,True
59,PCC-FCI (2),12.411596729095912,True
60,PCC-FCI (2),3.707143733260903,True
61,PCC-FCI (2),-1.6616996135758635,True
62,PCC-FCI (2),4.650574176496761,True
63,PCC-FCI (2),2.2445484551981902,True
64,PCC-FCI (2),4.194965133100572,True
65,PCC-FCI (2),-0.7821783278816508,True
66,PCC-FCI (2),4.731648782267637,True
67,PCC-FCI (2),9.30677130210739,True
68,PCC-FCI (2),2.722207968489116,True
69,PCC-FCI (2),15.06070254329289,False
70,PCC-FCI (2),13.481280504434446,True
71,PCC-FCI (2),3.06141339510355,True
72,PCC-FCI (2),7.121141713199319,True
73,PCC-FCI (2),7.990536453322475,True
74,PCC-FCI (2),15.412211772188815,True
75,PCC-FCI (2),8.182832266095676,True
76,PCC-FCI (2),8.449113752987765,True
77,PCC-FCI (2),8.280340847261039,True
78,PCC-FCI (2),3.9677780299633625,True
79,PCC-FCI (2),-2.2983375038976908,True
80,PCC-FCI (2),8.837428728246508,True
81,PCC-FCI (2),2.821230801452238,True
82,PCC-FCI (2),7.751148472605799,True
83,PCC-FCI (2),13.647315580711759,True
84,PCC-FCI (2),4.185217979380839,True
85,PCC-FCI (2),-4.805346072762898,True
86,PCC-FCI (2),6.926534392144587,True
87,PCC-FCI (2),4.865499040587173,True
88,PCC-FCI (2),4.9290768866189625,True
89,PCC-FCI (2),0.31598111747673574,True
90,PCC-FCI (2),2.646935506225057,True
91,PCC-FCI (2),2.1882068752465074,True
92,PCC-FCI (2),4.0366018032513,True
93,PCC-FCI (2),4.483273653560035,True
94,PCC-FCI (2),12.781551503480904,False
95,PCC-FCI (2),3.6384520409323704,True
96,PCC-FCI (2),6.06632495148772,True
97,PCC-FCI (2),-0.25681652919903364,True
98,PCC-FCI (2),2.620672189485271,True
99,PCC-FCI (2),5.2128849357844755,True
100,PCC-FCI (2),3.174766469208251,True
101,PCC-FCI (2),6.40184031988234,True
102,PCC-FCI (2),2.023126294457972,True
103,PCC-FCI (2),16.082563584978146,False
104,PCC-FCI (2),6.320704494525379,True
105,PCC-FCI (2),6.914111783860759,True
106,PCC-FCI (2),1.2767359534956961,True
107,PCC-FCI (2),4.770591579337545,True
108,PCC-FCI (2),9.597705073675117,True
109,PCC-FCI (2),5.104681398494998,True
110,PCC-FCI (2),3.2803703294302133,True
111,PCC-FCI (2),7.954408501467469,True
112,PCC-FCI (2),8.484142708186713,True
113,PCC-FCI (2),7.061943600403435,True
114,PCC-FCI (2),4.493636441777025,True
115,PCC-FCI (2),9.884872468998582,True
116,PCC-FCI (2),3.0615523993608544,True
117,PCC-FCI (2),5.680730173314212,False
118,PCC-FCI (2),9.083636154229506,True
119,PCC-FCI (2),5.978049855557839,True
120,PCC-FCI (2),13.854927434893584,True
121,PCC-FCI (2),3.5427326931534213,True
122,PCC-FCI (2),3.941601472251702,True
123,PCC-FCI (2),8.04114694798746,True
124,PCC-FCI (2),7.351297927250762,True
125,PCC-FCI (2),2.867257709302094,True
126,PCC-FCI (2),5.882130171919135,True
127,PCC-FCI (2),2.55938414051404,True
128,PCC-FCI (2),1.6970527231863368,True
129,PCC-FCI (2),2.699670513400336,True
130,PCC-FCI (2),1.2454980336296884,True
131,PCC-FCI (2),0.3813470400147452,True
132,PCC-FCI (2),2.128163812384061,True
133,PCC-FCI (2),10.95225542151123,False
134,PCC-FCI (2),5.762767962561886,True
135,PCC-FCI (2),14.270108369978976,True
136,PCC-FCI (2),10.210354164118637,False
137,PCC-FCI (2),4.1746576926137475,True
138,PCC-FCI (2),3.2117588152286425,True
139,PCC-FCI (2),8.086759507840306,True
140,PCC-FCI (2),3.291692734227536,True
141,PCC-FCI (2),11.435459320687798,True
142,PCC-FCI (2),3.367326839710189,True
143,PCC-FCI (2),5.019307919556056,True
144,PCC-FCI (2),6.977240804627,True
145,PCC-FCI (2),8.455708730319062,True
146,PCC-FCI (2),-1.8044206082109593,True
147,PCC-FCI (2),7.8899434127586865,True
148,PCC-FCI (2),1.3270248286294564,True
149,PCC-FCI (2),2.4480844551145395,True
150,PCC-FCI (2),6.234884394462079,True
151,PCC-FCI (2),2.0468854292162817,True
152,PCC-FCI (2),10.363711818855279,True
153,PCC-FCI (2),10.073717736051625,False
154,PCC-FCI (2),1.376609821061776,True
155,PCC-FCI (2),9.941876870834136,True
156,PCC-FCI (2),3.8265811446004108,True
157,PCC-FCI (2),10.527235702849953,True
158,PCC-FCI (2),14.690992093054728,True
159,PCC-FCI (2),5.554376836162072,True
160,PCC-FCI (2),7.239161042704844,True
161,PCC-FCI (2),5.130370680733588,True
162,PCC-FCI (2),8.362883618266341,False
163,PCC-FCI (2),3.6965336619436644,True
164,PCC-FCI (2),-1.243375463432809,True
165,PCC-FCI (2),1.5794652086417318,True
166,PCC-FCI (2),1.4723248817751866,True
167,PCC-FCI (2),6.0492651798810115,False
168,PCC-FCI (2),5.2179485455882615,False
169,PCC-FCI (2),-3.6451039543723756,True
170,PCC-FCI (2),10.060848436514888,True
171,PCC-FCI (2),4.901336794243885,True
172,PCC-FCI (2),2.144973590625042,True
173,PCC-FCI (2),3.7479653090467147,True
174,PCC-FCI (2),10.642723973718212,False
175,PCC-FCI (2),12.292474437085462,True
176,PCC-FCI (2),18.14830312729384,False
177,PCC-FCI (2),2.6108477181193868,True
178,PCC-FCI (2),4.826896769273002,True
179,PCC-FCI (2),8.642341210719543,True
180,PCC-FCI (2),0.7457220787817169,True
181,PCC-FCI (2),14.362061291038271,False
182,PCC-FCI (2),3.3152812908150313,True
183,PCC-FCI (2),8.693500408987303,True
184,PCC-FCI (2),9.548095778038302,False
185,PCC-FCI (2),9.485013480523744,True
186,PCC-FCI (2),6.868491262761397,True
187,PCC-FCI (2),3.937740919030281,True
188,PCC-FCI (2),5.072923469386367,True
189,PCC-FCI (2),9.748312561119937,True
190,PCC-FCI (2),2.8123729141202167,True
191,PCC-FCI (2),-0.5872409678766646,True
192,PCC-FCI (2),6.5904081682845135,True
193,PCC-FCI (2),2.931760218099032,True
194,PCC-FCI (2),-2.046161543353593,True
195,PCC-FCI (2),3.427792503177807,True
196,PCC-FCI (2),6.334258874103358,True
197,PCC-FCI (2),8.19347733884274,True
198,PCC-FCI (2),13.449324699082673,True
199,PCC-FCI (2),19.92690135752329,True
200,PCC-FCI (2),16.13274624736097,False
201,PCC-FCI (2),6.556346344372129,True
202,PCC-FCI (2),10.494121471563691,True
203,PCC-FCI (2),1.385637081303162,True
204,PCC-FCI (2),6.211504005035959,True
205,PCC-FCI (2),9.134404900678977,True
206,PCC-FCI (2),2.4459857964274114,True
207,PCC-FCI (2),3.436355149189784,True
208,PCC-FCI (2),5.2533530065532075,True
209,PCC-FCI (2),2.7867330065492584,True
210,PCC-FCI (2),20.624465280208394,True
211,PCC-FCI (2),10.240399647872572,False
212,PCC-FCI (2),13.748976147027825,True
213,PCC-FCI (2),-0.8519753240087429,True
214,PCC-FCI (2),7.167112510218811,True
215,PCC-FCI (2),16.115118194585904,True
216,PCC-FCI (2),10.431388344074538,True
217,PCC-FCI (2),3.0938259655270652,True
218,PCC-FCI (2),-1.597157175263776,True
219,PCC-FCI (2),6.9788594544281235,True
220,PCC-FCI (2),3.0132286031278204,True
221,PCC-FCI (2),2.0580772324572667,True
222,PCC-FCI (2),2.474969441410485,True
223,PCC-FCI (2),2.0528214399383806,True
224,PCC-FCI (2),-0.8772709705996364,True
225,PCC-FCI (2),3.0972389722728177,True
226,PCC-FCI (2),4.115278801715537,True
227,PCC-FCI (2),4.100965899136141,True
228,PCC-FCI (2),15.15669991244097,True
229,PCC-FCI (2),11.487247747821776,False
230,PCC-FCI (2),-1.6324440522549164,True
231,PCC-FCI (2),2.8782296783309107,True
232,PCC-FCI (2),3.2788453918805995,True
233,PCC-FCI (2),8.577250946793594,True
234,PCC-FCI (2),0.8189703434387656,True
235,PCC-FCI (2),0.0328740845243356,True
236,PCC-FCI (2),3.4282755836694827,True
237,PCC-FCI (2),5.614957376780191,True
238,PCC-FCI (2),5.610380289410705,False
239,PCC-FCI (2),5.905084180455986,True
240,PCC-FCI (2),7.1155118887221365,True
241,PCC-FCI (2),4.64991313108623,True
242,PCC-FCI (2),5.920186677574804,True
243,PCC-FCI (2),12.633388432810897,True
244,PCC-FCI (2),3.0751211336855855,True
245,PCC-FCI (2),4.704028903791172,True
246,PCC-FCI (2),4.495109382589962,True
247,PCC-FCI (2),6.026242453630638,True
248,PCC-FCI (2),7.0664864791812345,False
249,PCC-FCI (2),6.389958320525823,True
250,PCC-FCI (2),15.243623726239823,True
251,PCC-FCI (2),8.335598510748973,True
252,PCC-FCI (2),11.738594239555507,False
253,PCC-FCI (2),12.62678270347224,True
254,PCC-FCI (2),16.784213809095036,True
255,PCC-FCI (2),3.998368754680058,True
256,PCC-FCI (2),13.211525888426618,True
257,PCC-FCI (2),13.274306473373796,False
258,PCC-FCI (2),2.1476973514966007,True
259,PCC-FCI (2),7.085479836453672,True
260,PCC-FCI (2),11.030000021951476,True
261,PCC-FCI (2),11.922979385606235,True
262,PCC-FCI (2),1.0780487517981143,True
263,PCC-FCI (2),13.140984650585661,True
264,PCC-FCI (2),11.05277620306028,False
265,PCC-FCI (2),5.8073471930550875,True
266,PCC-FCI (2),2.7364351915085185,True
267,PCC-FCI (2),10.152127991533611,True
268,PCC-FCI (2),8.364355786875988,True
269,PCC-FCI (2),5.210966847730958,True
270,PCC-FCI (2),15.8886484785195,True
271,PCC-FCI (2),7.1247794719721025,True
272,PCC-FCI (2),3.9590100888087836,True
273,PCC-FCI (2),15.291790744506798,True
274,PCC-FCI (2),0.09122563942630979,True
275,PCC-FCI (2),6.21081990328682,True
276,PCC-FCI (2),8.194591336388465,True
277,PCC-FCI (2),-0.18945904084686127,True
278,PCC-FCI (2),3.3045940914551775,True
279,PCC-FCI (2),25.17761869148621,False
280,PCC-FCI (2),1.3883033558084805,True
281,PCC-FCI (2),2.4291485744234755,True
282,PCC-FCI (2),5.88105949962734,True
283,PCC-FCI (2),4.014381520614346,True
284,PCC-FCI (2),5.712225463220207,True
285,PCC-FCI (2),3.3712445603721646,True
286,PCC-FCI (2),8.03405018472792,True
287,PCC-FCI (2),7.759337242879523,True
288,PCC-FCI (2),3.2185647825741377,True
289,PCC-FCI (2),10.9548289971383,True
290,PCC-FCI (2),0.6650627381064727,True
291,PCC-FCI (2),7.535719742176911,True
292,PCC-FCI (2),1.6911853331108482,True
293,PCC-FCI (2),9.258747604186949,False
294,PCC-FCI (2),5.187224315687571,True
295,PCC-FCI (2),10.59056498537711,True
296,PCC-FCI (2),10.426637709252583,True
297,PCC-FCI (2),9.531173693906304,False
298,PCC-FCI (2),0.6415198549256838,True
299,PCC-FCI (2),-0.880534570130596,True
300,PCC-FCI (2),-1.2001213552628958,True
301,PCC-FCI (2),1.0075581251212142,True
302,PCC-FCI (2),-0.7716328787266455,True
303,PCC-FCI (2),7.940871952604565,True
304,PCC-FCI (2),7.290323336122391,False
305,PCC-FCI (2),4.8956027491761915,True
306,PCC-FCI (2),13.027346472773225,True
307,PCC-FCI (2),-2.7300917726908205,True
308,PCC-FCI (2),4.113635846256316,True
309,PCC-FCI (2),2.974133043674958,True
310,PCC-FCI (2),6.912220264660086,True
311,PCC-FCI (2),-0.41559731695985125,True
312,PCC-FCI (2),6.47056982384468,True
313,PCC-FCI (2),4.408811345603247,True
314,PCC-FCI (2),3.0777022473366538,True
315,PCC-FCI (2),15.75168440644892,False
316,PCC-FCI (2),2.601360587357691,True
317,PCC-FCI (2),8.852152517791582,True
318,PCC-FCI (2),11.51960370532721,True
319,PCC-FCI (2),7.3050137316342685,True
320,PCC-FCI (2),0.5982491321342431,True
321,PCC-FCI (2),7.121813444752495,True
322,PCC-FCI (2),3.0295287413882335,True
323,PCC-FCI (2),8.056977413292831,True
324,PCC-FCI (2),8.696881943925924,True
325,PCC-FCI (2),5.650123317216022,True
326,PCC-FCI (2),13.882279102410209,False
327,PCC-FCI (2),13.823652985188499,False
328,PCC-FCI (2),17.104741399587148,True
329,PCC-FCI (2),4.27961720755036,True
330,PCC-FCI (2),3.6341301754922375,True
331,PCC-FCI (2),-1.893384702715113,True
332,PCC-FCI (2),4.888721199380919,True
333,PCC-FCI (2),5.848804217162004,True
334,PCC-FCI (2),3.0479284585338453,True
335,PCC-FCI (2),-0.12633055909557456,True
336,PCC-FCI (2),10.272380991808223,True
337,PCC-FCI (2),7.0451803670890705,True
338,PCC-FCI (2),10.9929656146415,True
339,PCC-FCI (2),6.086615974909553,True
340,PCC-FCI (2),2.456632584900456,True
341,PCC-FCI (2),0.25758400157779526,True
342,PCC-FCI (2),1.8481480237477008,True
343,PCC-FCI (2),1.3466412663327278,True
344,PCC-FCI (2),-0.9327193393201867,True
345,PCC-FCI (2),8.719200832687605,True
346,PCC-FCI (2),3.934572216959827,True
347,PCC-FCI (2),8.334704120205297,True
348,PCC-FCI (2),1.4844833597295208,True
349,PCC-FCI (2),15.699794417319957,True
350,PCC-FCI (2),6.7273794728661676,True
351,PCC-FCI (2),2.8733265033522466,True
352,PCC-FCI (2),-0.10407518949968075,True
353,PCC-FCI (2),1.991726763746771,True
354,PCC-FCI (2),3.4333180125835203,True
355,PCC-FCI (2),7.510342959457472,True
356,PCC-FCI (2),2.197371441182072,True
357,PCC-FCI (2),9.477298274866733,True
358,PCC-FCI (2),7.49561195488471,False
359,PCC-FCI (2),0.7396929490458835,True
360,PCC-FCI (2),1.341340571166835,True
361,PCC-FCI (2),1.9260692739867928,True
362,PCC-FCI (2),2.3868407436444965,True
363,PCC-FCI (2),4.850243162468809,True
364,PCC-FCI (2),3.8256618988078266,True
365,PCC-FCI (2),7.360648404287884,True
366,PCC-FCI (2),6.4760981982806,False
367,PCC-FCI (2),0.49402304597944724,True
368,PCC-FCI (2),1.2275483833809222,True
369,PCC-FCI (2),2.4869617013868415,True
370,PCC-FCI (2),10.478105523433232,True
371,PCC-FCI (2),2.833562902881114,True
372,PCC-FCI (2),9.137320016285503,True
373,PCC-FCI (2),1.9240199453190723,True
374,PCC-FCI (2),4.771851601439458,True
375,PCC-FCI (2),1.7275582606113757,True
376,PCC-FCI (2),10.921023139555306,True
377,PCC-FCI (2),4.7668912450296235,True
378,PCC-FCI (2),14.072097328098982,False
379,PCC-FCI (2),0.7336947138627483,True
380,PCC-FCI (2),4.258166266865285,True
381,PCC-FCI (2),3.4101153281964915,True
382,PCC-FCI (2),9.696466196442643,True
383,PCC-FCI (2),5.289986020429223,True
384,PCC-FCI (2),6.068300957180793,True
385,PCC-FCI (2),3.0803051658049894,True
386,PCC-FCI (2),5.903987023911878,True
387,PCC-FCI (2),11.600958346696364,False
388,PCC-FCI (2),4.989071104124721,True
389,PCC-FCI (2),4.115365363311044,True
390,PCC-FCI (2),2.7440381543278876,True
391,PCC-FCI (2),15.050689608330657,True
392,PCC-FCI (2),4.2164650336125975,True
393,PCC-FCI (2),4.914593636000123,True
394,PCC-FCI (2),6.749895336323833,True
395,PCC-FCI (2),2.2256708032758117,True
396,PCC-FCI (2),16.89593443351159,False
397,PCC-FCI (2),13.043901946183933,True
398,PCC-FCI (2),3.053496125279854,True
399,PCC-FCI (2),3.0432721055914853,True
400,PCC-FCI (2),1.6856958315838968,True
401,PCC-FCI (2),16.11466947316161,False
402,PCC-FCI (2),12.179919846515535,True
403,PCC-FCI (2),8.241726149016515,False
404,PCC-FCI (2),8.191927087680222,True
405,PCC-FCI (2),-0.35948538181938616,True
406,PCC-FCI (2),7.964439374964549,True
407,PCC-FCI (2),3.5059505957257002,True
408,PCC-FCI (2),13.495762312159725,False
409,PCC-FCI (2),4.104869767685652,True
410,PCC-FCI (2),15.963322942676344,True
411,PCC-FCI (2),13.004807910868585,True
412,PCC-FCI (2),12.86144764981477,True
413,PCC-FCI (2),6.3583061593352515,True
414,PCC-FCI (2),7.210739399790858,True
415,PCC-FCI (2),2.3637271347309827,True
416,PCC-FCI (2),2.8097570160971945,True
417,PCC-FCI (2),6.843261638119484,True
418,PCC-FCI (2),4.23701060350815,True
419,PCC-FCI (2),3.45330322900513,True
420,PCC-FCI (2),3.2527576586225413,True
421,PCC-FCI (2),8.137072777714724,True
422,PCC-FCI (2),10.548781267194974,True
423,PCC-FCI (2),3.3718860493134386,True
424,PCC-FCI (2),6.287584195501043,True
425,PCC-FCI (2),7.487296696609208,True
426,PCC-FCI (2),3.8402942099571438,True
427,PCC-FCI (2),15.330244777668733,True
428,PCC-FCI (2),5.18335741065654,False
429,PCC-FCI (2),7.216380561649505,True
430,PCC-FCI (2),8.58383029425368,True
431,PCC-FCI (2),11.16520657861339,True
432,PCC-FCI (2),4.73714192117156,True
433,PCC-FCI (2),0.6769064754710614,True
434,PCC-FCI (2),10.160272711187426,True
435,PCC-FCI (2),12.723679244506826,True
436,PCC-FCI (2),2.1346557137432525,True
437,PCC-FCI (2),11.732748138452358,True
438,PCC-FCI (2),3.6345182562413,True
439,PCC-FCI (2),1.278705080655656,True
440,PCC-FCI (2),9.12959234942199,True
441,PCC-FCI (2),10.014652130664413,True
442,PCC-FCI (2),11.292557023506632,False
443,PCC-FCI (2),5.463042527606506,True
444,PCC-FCI (2),11.265178596834678,True
445,PCC-FCI (2),5.680477701454254,True
446,PCC-FCI (2),7.454804697102746,True
447,PCC-FCI (2),7.043487972620214,True
448,PCC-FCI (2),5.5614277049664285,True
449,PCC-FCI (2),5.599222559409784,True
450,PCC-FCI (2),7.138634685957724,True
451,PCC-FCI (2),7.910843797508315,True
452,PCC-FCI (2),7.95943034310671,True
453,PCC-FCI (2),8.374477123537568,True
454,PCC-FCI (2),5.478629387108444,True
455,PCC-FCI (2),8.976576314731386,True
456,PCC-FCI (2),8.980726920361525,True
457,PCC-FCI (2),7.382802184927968,True
458,PCC-FCI (2),-2.356306419476634,True
459,PCC-FCI (2),3.1036930534508502,True
460,PCC-FCI (2),4.576885399389996,True
461,PCC-FCI (2),4.498843401289246,True
462,PCC-FCI (2),5.548538234493453,True
463,PCC-FCI (2),11.066385802587071,False
464,PCC-FCI (2),2.8013993265468073,True
465,PCC-FCI (2),8.4995399339246,True
466,PCC-FCI (2),1.6904287620556255,True
467,PCC-FCI (2),1.879932044925484,True
468,PCC-FCI (2),6.687539281256311,True
469,PCC-FCI (2),5.80710939020101,True
470,PCC-FCI (2),8.93758378571891,True
471,PCC-FCI (2),3.357902386313533,True
472,PCC-FCI (2),8.877956610419819,True
473,PCC-FCI (2),2.5696358561685044,True
474,PCC-FCI (2),7.9487362940152515,True
475,PCC-FCI (2),0.674935222278684,True
476,PCC-FCI (2),5.3259180467479785,True
477,PCC-FCI (2),6.93751275715494,True
478,PCC-FCI (2),6.6436748923256985,True
479,PCC-FCI (2),3.523373712351369,True
480,PCC-FCI (2),7.798088394135505,True
481,PCC-FCI (2),6.558510742844123,True
482,PCC-FCI (2),1.658733833157482,True
483,PCC-FCI (2),7.237679062464328,True
484,PCC-FCI (2),2.3174618644988447,True
485,PCC-FCI (2),3.319545860329495,True
486,PCC-FCI (2),8.773281535733224,False
487,PCC-FCI (2),10.552363274115576,True
488,PCC-FCI (2),4.95969022322744,True
489,PCC-FCI (2),11.401563279664007,False
490,PCC-FCI (2),3.4878502755866956,True
491,PCC-FCI (2),5.443349188787194,True
492,PCC-FCI (2),14.757632314117323,False
493,PCC-FCI (2),10.037496608962034,True
494,PCC-FCI (2),18.483154506978114,False
495,PCC-FCI (2),4.651964070510882,True
496,PCC-FCI (2),0.8371850076184968,True
497,PCC-FCI (2),6.651445358951534,True
498,PCC-FCI (2),9.647659633481663,True
499,PCC-FCI (2),8.679935315782531,True
0,AB (3),195.00499891560747,True
1,AB (3),245.60144021537172,True
2,AB (3),155.8256749439699,True
3,AB (3),166.10156127653116,True
4,AB (3),256.49951010712465,False
5,AB (3),158.22991258602065,True
6,AB (3),276.76060050557913,True
7,AB (3),120.47401796286883,True
8,AB (3),285.62290928843305,True
9,AB (3),140.26678266204033,True
10,AB (3),170.27959300945125,True
11,AB (3),141.166979589046,True
12,AB (3),145.15929171929764,True
13,AB (3),127.45258480901445,True
14,AB (3),142.8246947802921,True
15,AB (3),253.45991181421505,True
16,AB (3),265.4493653553973,True
17,AB (3),274.7673306280822,False
18,AB (3),149.2465694720978,True
19,AB (3),137.66545188339333,True
20,AB (3),258.0013644177542,True
21,AB (3),284.29507245989294,True
22,AB (3),159.90293933348204,True
23,AB (3),144.33177545114694,True
24,AB (3),147.88640592973758,True
25,AB (3),151.32706366850493,True
26,AB (3),255.82920923047672,False
27,AB (3),172.2243781670438,True
28,AB (3),169.77299207971936,True
29,AB (3),240.58912756781535,True
30,AB (3),135.93998593557168,True
31,AB (3),154.77137500012054,True
32,AB (3),171.27206174161705,True
33,AB (3),240.7306965928558,False
34,AB (3),156.7141739750274,True
35,AB (3),314.61939255015653,True
36,AB (3),227.06515791813973,True
37,AB (3),149.33057599133775,True
38,AB (3),152.3776336018724,True
39,AB (3),164.24174310016002,True
40,AB (3),140.11903532289836,True
41,AB (3),278.144743543784,True
42,AB (3),265.82579922068624,True
43,AB (3),190.10272155882734,True
44,AB (3),260.9327329147716,False
45,AB (3),150.85422938480107,True
46,AB (3),154.12913803099048,True
47,AB (3),232.42936677232166,True
48,AB (3),331.59459566273955,True
49,AB (3),135.80051586526758,True
50,AB (3),130.3177049689748,True
51,AB (3),229.5168016652262,False
52,AB (3),175.5813595280932,True
53,AB (3),150.25169851447734,True
54,AB (3),194.25184875238813,True
55,AB (3),136.295804567377,True
56,AB (3),168.33443708796125,True
57,AB (3),170.86987164556965,True
58,AB (3),137.63335241640794,True
59,AB (3),151.3498497420139,True
60,AB (3),199.14678061744286,True
61,AB (3),152.87668574017954,True
62,AB (3),156.4589298617014,True
63,AB (3),300.87765647805935,True
64,AB (3),168.39597724794382,True
65,AB (3),127.22893331292329,True
66,AB (3),148.33331926109037,True
67,AB (3),320.8842428998265,True
68,AB (3),150.25021165624366,True
69,AB (3),234.45903771704815,False
70,AB (3),219.96916724717062,True
71,AB (3),165.38439020095217,True
72,AB (3),245.2582444576769,True
73,AB (3),135.58718652156236,True
74,AB (3),318.4596943408231,True
75,AB (3),150.9941286075807,True
76,AB (3),153.8570381631366,True
77,AB (3),152.63118372623944,True
78,AB (3),140.92292226772358,True
79,AB (3),136.17919652793708,True
80,AB (3),236.0403330815928,True
81,AB (3),174.7259583673153,True
82,AB (3),145.65746343122188,True
83,AB (3),257.78598734468994,True
84,AB (3),307.2973653553428,True
85,AB (3),157.6880868540099,True
86,AB (3),137.80220152961743,True
87,AB (3),110.27687567305134,True
88,AB (3),160.70390942765582,True
89,AB (3),156.9382049883054,True
90,AB (3),136.40723347919086,True
91,AB (3),264.37034268343837,True
92,AB (3),158.43582501702988,True
93,AB (3),154.4386918050178,True
94,AB (3),234.97414527936863,False
95,AB (3),150.35227448681928,True
96,AB (3),157.02984254513572,True
97,AB (3),167.6495951563575,True
98,AB (3),170.21871330277207,True
99,AB (3),146.01145832707334,True
100,AB (3),130.57954020155444,True
101,AB (3),288.4510278174587,True
102,AB (3),146.64663303836696,True
103,AB (3),208.31370969444126,False
104,AB (3),146.65069255197258,True
105,AB (3),164.20269291976976,True
106,AB (3),138.3018811944831,True
107,AB (3),142.08303480921535,True
108,AB (3),149.61949901364562,True
109,AB (3),149.00115962747097,True
110,AB (3),156.40961711877605,True
111,AB (3),130.38261536983393,True
112,AB (3),129.94070483217524,True
113,AB (3),164.76275403990394,True
114,AB (3),194.04501477092893,True
115,AB (3),131.1822363209885,True
116,AB (3),152.8809321866774,True
117,AB (3),242.86885608432473,False
118,AB (3),175.21649862624707,True
119,AB (3),175.3335352156306,True
120,AB (3),257.2519945481516,True
121,AB (3),123.1100796236712,True
122,AB (3),165.35330818546487,True
123,AB (3),154.4850523593184,True
124,AB (3),145.60572714886808,True
125,AB (3),148.09758528259104,True
126,AB (3),151.89036158662924,True
127,AB (3),303.86854580356487,True
128,AB (3),139.31439039073385,True
129,AB (3),132.38156566243134,True
130,AB (3),132.26308528934928,True
131,AB (3),148.24263753625024,True
132,AB (3),150.71393692369782,True
133,AB (3),279.92142364255085,False
134,AB (3),145.57243958180783,True
135,AB (3),243.32165913134634,True
136,AB (3),210.13126332639143,False
137,AB (3),141.36701374382667,True
138,AB (3),142.88853498233553,True
139,AB (3),167.0866905446815,True
140,AB (3),140.79749443917535,True
141,AB (3),130.22582267553094,True
142,AB (3),127.61853158536726,True
143,AB (3),139.48746353645726,True
144,AB (3),144.10716662748533,True
145,AB (3),161.94851235296875,True
146,AB (3),166.68578454533662,True
147,AB (3),159.67566699343092,True
148,AB (3),157.91344863901708,True
149,AB (3),154.41830692859116,True
150,AB (3),150.05902896358552,True
151,AB (3),174.32233548780036,True
152,AB (3),228.66787628288057,True
153,AB (3),229.36961586782246,False
154,AB (3),151.71989957876806,True
155,AB (3),135.90859236405112,True
156,AB (3),145.376924959453,True
157,AB (3),251.22711230174409,True
158,AB (3),141.6521363037392,True
159,AB (3),113.3059195753249,True
160,AB (3),197.77453684117512,True
161,AB (3),160.90845042782666,True
162,AB (3),162.3152494409473,False
163,AB (3),122.11763247133979,True
164,AB (3),122.51694925495003,True
165,AB (3),147.91189620652088,True
166,AB (3),166.48478357351397,True
167,AB (3),251.19521434137576,False
168,AB (3),252.3874338803905,False
169,AB (3),149.1715362173475,True
170,AB (3),149.29709011621856,True
171,AB (3),175.97808292086347,True
172,AB (3),118.31732382885276,True
173,AB (3),170.38299437914299,True
174,AB (3),238.51852320575858,False
175,AB (3),189.83889242706869,True
176,AB (3),252.05514125081584,False
177,AB (3),194.2247321380618,True
178,AB (3),145.44301973862687,True
179,AB (3),143.21824660154005,True
180,AB (3),140.69962585465754,True
181,AB (3),211.45813028190517,False
182,AB (3),297.11961208748096,True
183,AB (3),150.29110853855335,True
184,AB (3),342.22599671150596,False
185,AB (3),162.05930148553404,True
186,AB (3),116.98776310223913,True
187,AB (3),140.01657196780658,True
188,AB (3),163.72643933270206,True
189,AB (3),153.7624431136315,True
190,AB (3),302.58662320470785,True
191,AB (3),196.5929225344896,True
192,AB (3),157.27358145942648,True
193,AB (3),345.8173671235053,True
194,AB (3),143.70285106528053,True
195,AB (3),144.10862931162387,True
196,AB (3),147.4627253167916,True
197,AB (3),174.6811854207868,True
198,AB (3),244.8451118803114,True
199,AB (3),203.05451313733903,True
200,AB (3),274.85034524342524,False
201,AB (3),163.58834768958056,True
202,AB (3),221.33728130033546,True
203,AB (3),144.0781089640423,True
204,AB (3),162.86042023639402,True
205,AB (3),327.7257789878812,True
206,AB (3),138.32132772548806,True
207,AB (3),150.18063660325254,True
208,AB (3),150.05776011668692,True
209,AB (3),127.16812235552646,True
210,AB (3),282.863112559072,True
211,AB (3),250.5214443370675,False
212,AB (3),229.79697401205001,True
213,AB (3),161.0948501447179,True
214,AB (3),159.21379814079216,True
215,AB (3),282.7602299417857,True
216,AB (3),141.08427274608516,True
217,AB (3),167.90675330352406,True
218,AB (3),138.23871560061835,True
219,AB (3),125.34574429857977,True
220,AB (3),151.50224409125022,True
221,AB (3),152.79263993228386,True
222,AB (3),143.52954990822207,True
223,AB (3),166.62382441997727,True
224,AB (3),151.875718089384,True
225,AB (3),135.5562757252857,True
226,AB (3),132.5168129701522,True
227,AB (3),168.71327247222175,True
228,AB (3),156.52533062737515,True
229,AB (3),227.06229896137148,False
230,AB (3),156.71010153081895,True
231,AB (3),151.71315638686954,True
232,AB (3),210.1196559527213,True
233,AB (3),218.44040806588544,True
234,AB (3),169.422753895801,True
235,AB (3),162.99343571657676,True
236,AB (3),165.49380879181425,True
237,AB (3),125.7205971440827,True
238,AB (3),283.44797433559205,False
239,AB (3),147.8420996650994,True
240,AB (3),289.97070954708624,True
241,AB (3),148.47945316583085,True
242,AB (3),130.42216379164705,True
243,AB (3),139.18566106486904,True
244,AB (3),154.76251066621307,True
245,AB (3),128.45216845902613,True
246,AB (3),153.08689318169277,True
247,AB (3),123.96563362915833,True
248,AB (3),259.6518091370069,False
249,AB (3),129.65224188181037,True
250,AB (3),209.41087027606142,True
251,AB (3),147.218064053052,True
252,AB (3),254.03321263256612,False
253,AB (3),275.57957946229743,True
254,AB (3),246.19034737233343,True
255,AB (3),168.80450264048704,True
256,AB (3),143.49832437608578,True
257,AB (3),282.588510896383,False
258,AB (3),131.657676589734,True
259,AB (3),172.26754858053965,True
260,AB (3),274.9856210014717,True
261,AB (3),260.2892408509401,True
262,AB (3),159.74380657793512,True
263,AB (3),150.37524706952448,True
264,AB (3),337.71873414182613,False
265,AB (3),155.14899403682756,True
266,AB (3),165.8022886834652,True
267,AB (3),190.99839067622025,True
268,AB (3),148.5588412582111,True
269,AB (3),336.9707729160849,True
270,AB (3),291.6666595317304,True
271,AB (3),143.7788355787973,True
272,AB (3),146.1832444108587,True
273,AB (3),275.2321007635807,True
274,AB (3),119.70630862733856,True
275,AB (3),152.24217787719073,True
276,AB (3),300.7527794037016,True
277,AB (3),132.14047044939403,True
278,AB (3),144.6700565869717,True
279,AB (3),81.80000415634822,False
280,AB (3),158.4563407626732,True
281,AB (3),149.97515319766708,True
282,AB (3),114.89648312885737,True
283,AB (3),145.196789851323,True
284,AB (3),144.20787637683188,True
285,AB (3),251.42578439277884,True
286,AB (3),153.99033763597885,True
287,AB (3),219.46059028708504,True
288,AB (3),121.05411067302305,True
289,AB (3),199.12218769350608,True
290,AB (3),152.38319862259257,True
291,AB (3),167.08758836050387,True
292,AB (3),172.09768031074174,True
293,AB (3),306.79306743038427,False
294,AB (3),168.07295975864997,True
295,AB (3),171.31032889044027,True
296,AB (3),204.22569214048306,True
297,AB (3),222.5016458601802,False
298,AB (3),179.94684493742463,True
299,AB (3),203.06660339553272,True
300,AB (3),176.06369737293352,True
301,AB (3),120.26679631179202,True
302,AB (3),133.5137295516795,True
303,AB (3),261.5858367887742,True
304,AB (3),225.17025420470338,False
305,AB (3),148.91544768411305,True
306,AB (3),259.9337292898856,True
307,AB (3),127.080196851442,True
308,AB (3),156.5802346225986,True
309,AB (3),183.18201561567054,True
310,AB (3),226.80051288895157,True
311,AB (3),255.7687271132241,True
312,AB (3),187.52507412161657,True
313,AB (3),163.17681493653788,True
314,AB (3),131.06430032436785,True
315,AB (3),265.1092510376695,False
316,AB (3),138.01278326081632,True
317,AB (3),140.36184400424938,True
318,AB (3),156.8616632010017,True
319,AB (3),167.8162220817366,True
320,AB (3),157.8431311020234,True
321,AB (3),148.02855934793908,True
322,AB (3),167.92061784698993,True
323,AB (3),159.54938814169805,True
324,AB (3),143.82471497350733,True
325,AB (3),150.67215618776558,True
326,AB (3),319.5425623251108,False
327,AB (3),258.940803606894,False
328,AB (3),292.56936478233496,True
329,AB (3),314.57356546226606,True
330,AB (3),183.46368540064847,True
331,AB (3),160.80925958400542,True
332,AB (3),144.7571052776743,True
333,AB (3),154.5198626965166,True
334,AB (3),141.50611926927044,True
335,AB (3),157.99574720455158,True
336,AB (3),128.47228956138824,True
337,AB (3),151.82816763494503,True
338,AB (3),138.95553705762006,True
339,AB (3),118.80270455894744,True
340,AB (3),136.12550541852906,True
341,AB (3),149.33642861249862,True
342,AB (3),125.09073906221573,True
343,AB (3),151.51516859131195,True
344,AB (3),128.50373445584205,True
345,AB (3),144.86166566537946,True
346,AB (3),146.83593853081223,True
347,AB (3),114.6200123741592,True
348,AB (3),146.9570772276031,True
349,AB (3),209.19745667816832,True
350,AB (3),129.77454450439475,True
351,AB (3),227.0168978766845,True
352,AB (3),244.3401838853234,True
353,AB (3),159.05460250641454,True
354,AB (3),149.68892739449137,True
355,AB (3),159.0374383963968,True
356,AB (3),175.9432553079514,True
357,AB (3),281.88666915356896,True
358,AB (3),191.6727658699602,False
359,AB (3),164.26782650735225,True
360,AB (3),154.71070283909884,True
361,AB (3),226.38228522889807,True
362,AB (3),138.00201078675698,True
363,AB (3),141.10406843916408,True
364,AB (3),106.81924779579566,True
365,AB (3),135.4971397620948,True
366,AB (3),365.4293028145178,False
367,AB (3),125.10497573408529,True
368,AB (3),139.59404735912605,True
369,AB (3),154.75774476166595,True
370,AB (3),165.5992508794433,True
371,AB (3),174.05555474809978,True
372,AB (3),199.33930714554796,True
373,AB (3),146.9069374551858,True
374,AB (3),131.1672217799288,True
375,AB (3),148.9612248147871,True
376,AB (3),157.64402539257574,True
377,AB (3),156.05592501178708,True
378,AB (3),302.75362103089134,False
379,AB (3),144.8402404385046,True
380,AB (3),236.52034121023055,True
381,AB (3),144.36058252863256,True
382,AB (3),141.85223747888006,True
383,AB (3),158.02137189556302,True
384,AB (3),135.91964997706935,True
385,AB (3),136.59993090238902,True
386,AB (3),117.2297400230655,True
387,AB (3),210.29926981304246,False
388,AB (3),135.4816606972029,True
389,AB (3),165.50143076445949,True
390,AB (3),136.15008630532958,True
391,AB (3),290.73900243576026,True
392,AB (3),351.2678048672341,True
393,AB (3),147.39426320948596,True
394,AB (3),136.52260300964775,True
395,AB (3),161.74642268191295,True
396,AB (3),221.3297043441317,False
397,AB (3),141.94897153906686,True
398,AB (3),325.7898076337624,True
399,AB (3),173.63589666988284,True
400,AB (3),175.279518464306,True
401,AB (3),274.59311334251805,False
402,AB (3),155.53103893894243,True
403,AB (3),248.6964937681167,False
404,AB (3),161.363157606826,True
405,AB (3),164.7928841663666,True
406,AB (3),248.36484927048593,True
407,AB (3),124.58376333117764,True
408,AB (3),344.3176403735835,False
409,AB (3),149.99399734242087,True
410,AB (3),329.6306588607997,True
411,AB (3),208.56561166614122,True
412,AB (3),165.99379968760763,True
413,AB (3),143.83426439967263,True
414,AB (3),123.68529634268262,True
415,AB (3),125.82482615357432,True
416,AB (3),126.22318189825225,True
417,AB (3),249.22736178694313,True
418,AB (3),151.36772407011867,True
419,AB (3),120.87991553358776,True
420,AB (3),137.80255953252578,True
421,AB (3),176.034819445456,True
422,AB (3),126.29750153835643,True
423,AB (3),142.4502763824327,True
424,AB (3),114.58812393344533,True
425,AB (3),157.4569200860989,True
426,AB (3),147.44033061808767,True
427,AB (3),234.64307952812797,True
428,AB (3),235.02231309591147,False
429,AB (3),157.98361680346989,True
430,AB (3),191.4451307756791,True
431,AB (3),310.0174089533733,True
432,AB (3),131.0852931536748,True
433,AB (3),143.60274924267273,True
434,AB (3),171.9287572033635,True
435,AB (3),167.93456376216696,True
436,AB (3),145.91980712536932,True
437,AB (3),177.7803316103109,True
438,AB (3),169.8699124425467,True
439,AB (3),317.0980712261793,True
440,AB (3),160.95342473560896,True
441,AB (3),135.667561240172,True
442,AB (3),208.02668456094406,False
443,AB (3),236.8298059589749,True
444,AB (3),173.19221289728011,True
445,AB (3),135.7488559570892,True
446,AB (3),403.90287972691226,True
447,AB (3),161.3368452783717,True
448,AB (3),110.92503767430975,True
449,AB (3),149.6949099050679,True
450,AB (3),145.59771938907946,True
451,AB (3),289.10156337714557,True
452,AB (3),289.18977500077074,True
453,AB (3),146.84056256988006,True
454,AB (3),223.1552663805208,True
455,AB (3),188.08420391896576,True
456,AB (3),281.3995102775067,True
457,AB (3),148.18334561822144,True
458,AB (3),146.22577959297257,True
459,AB (3),157.55241034724054,True
460,AB (3),156.92522917646968,True
461,AB (3),134.94333083409157,True
462,AB (3),120.2315286833455,True
463,AB (3),297.3387242911563,False
464,AB (3),151.61881887897593,True
465,AB (3),195.19447297780886,True
466,AB (3),159.64539164330498,True
467,AB (3),150.67971920352548,True
468,AB (3),137.353790203539,True
469,AB (3),285.1107332393358,True
470,AB (3),158.73766948823706,True
471,AB (3),143.61373304517673,True
472,AB (3),143.70587706652196,True
473,AB (3),131.2109930170669,True
474,AB (3),155.56520499083715,True
475,AB (3),147.56284951788982,True
476,AB (3),161.14306863576988,True
477,AB (3),158.4626765390431,True
478,AB (3),267.6872594130263,True
479,AB (3),117.4846277566361,True
480,AB (3),178.11013975055428,True
481,AB (3),197.8596698560074,True
482,AB (3),166.02804226114978,True
483,AB (3),191.31497377641887,True
484,AB (3),166.6313029758437,True
485,AB (3),130.30793283318937,True
486,AB (3),167.28754243559416,False
487,AB (3),158.32599768768395,True
488,AB (3),134.09748676201417,True
489,AB (3),233.59212154663248,False
490,AB (3),144.7344092131108,True
491,AB (3),279.7346039280184,True
492,AB (3),247.36433359526188,False
493,AB (3),331.2016032911682,True
494,AB (3),243.401461515849,False
495,AB (3),129.54181848080478,True
496,AB (3),252.4262561573986,True
497,AB (3),157.95006999964335,True
498,AB (3),133.75863754371224,True
499,AB (3),123.86574598813064,True
0,P-Tau (4),-17.041940247356237,True
1,P-Tau (4),-35.71428253119478,True
2,P-Tau (4),-25.55874798387543,True
3,P-Tau (4),-41.85874894903661,True
4,P-Tau (4),-14.585964183816252,False
5,P-Tau (4),-104.65507062031148,True
6,P-Tau (4),-4.473011908502254,True
7,P-Tau (4),-28.554815959161903,True
8,P-Tau (4),-0.11506971097096041,True
9,P-Tau (4),-35.5531386397934,True
10,P-Tau (4),-47.13828962653628,True
11,P-Tau (4),-1.715919011010854,True
12,P-Tau (4),-47.27920596828384,True
13,P-Tau (4),-79.27927667621233,True
14,P-Tau (4),-23.700462553540554,True
15,P-Tau (4),-17.96663322410545,True
16,P-Tau (4),-41.98426281672228,True
17,P-Tau (4),-43.210580419024154,False
18,P-Tau (4),-38.122877954786475,True
19,P-Tau (4),-53.05128506092031,True
20,P-Tau (4),-5.991335818626034,True
21,P-Tau (4),-59.31790895498662,True
22,P-Tau (4),-50.861038960522514,True
23,P-Tau (4),-65.23205522066739,True
24,P-Tau (4),-39.60833442878716,True
25,P-Tau (4),-113.66726782158986,True
26,P-Tau (4),-53.482326577205924,False
27,P-Tau (4),-73.78908269277383,True
28,P-Tau (4),-16.937514961006215,True
29,P-Tau (4),-48.90942532873633,True
30,P-Tau (4),-50.65879682683169,True
31,P-Tau (4),-22.951410045771865,True
32,P-Tau (4),-108.02803873262629,True
33,P-Tau (4),-37.10364409546054,False
34,P-Tau (4),6.774960258532531,True
35,P-Tau (4),-16.92089285593266,True
36,P-Tau (4),-29.44045898950569,True
37,P-Tau (4),-66.26061495192599,True
38,P-Tau (4),-2.6674659989091403,True
39,P-Tau (4),19.605912291667508,True
40,P-Tau (4),-65.26997784263882,True
41,P-Tau (4),-17.70174679730783,True
42,P-Tau (4),-26.582567050648496,True
43,P-Tau (4),-116.72508131692865,True
44,P-Tau (4),-12.539457835941024,False
45,P-Tau (4),-59.453097968112154,True
46,P-Tau (4),-49.42890071267601,True
47,P-Tau (4),-44.41816235117401,True
48,P-Tau (4),-49.35357413631039,True
49,P-Tau (4),-82.11529969949049,True
50,P-Tau (4),-48.18174670010131,True
51,P-Tau (4),-26.381532029891147,False
52,P-Tau (4),-28.017846844554274,True
53,P-Tau (4),-50.571228619542076,True
54,P-Tau (4),-34.20555096320331,True
55,P-Tau (4),-22.240088695430615,True
56,P-Tau (4),-38.565440026890755,True
57,P-Tau (4),-35.82895989596533,True
58,P-Tau (4),-30.89757975809022,True
59,P-Tau (4),-25.324332893350803,True
60,P-Tau (4),-78.26645880411208,True
61,P-Tau (4),-57.23990109625344,True
62,P-Tau (4),-23.24775131906153,True
63,P-Tau (4),-14.761764610261078,True
64,P-Tau (4),-106.28719308990604,True
65,P-Tau (4),-41.199155889519176,True
66,P-Tau (4),-96.97973627322756,True
67,P-Tau (4),8.117354834371376,True
68,P-Tau (4),-42.077403500604404,True
69,P-Tau (4),-24.46435040830702,False
70,P-Tau (4),-22.51920818760889,True
71,P-Tau (4),-106.89604176889193,True
72,P-Tau (4),-2.3687373967257024,True
73,P-Tau (4),-17.271485435603722,True
74,P-Tau (4),-48.37566184540934,True
75,P-Tau (4),-60.519782711358,True
76,P-Tau (4),-47.54066473140067,True
77,P-Tau (4),-0.4707727629407401,True
78,P-Tau (4),-45.743632178370824,True
79,P-Tau (4),3.462288736195923,True
80,P-Tau (4),-6.17830001621261,True
81,P-Tau (4),-81.5566627284645,True
82,P-Tau (4),-25.884468897050475,True
83,P-Tau (4),-16.50268356027036,True
84,P-Tau (4),-21.39151787758503,True
85,P-Tau (4),-0.9306032823830179,True
86,P-Tau (4),-22.44032994193001,True
87,P-Tau (4),-26.059191588603646,True
88,P-Tau (4),-34.78586722620572,True
89,P-Tau (4),-18.012247237086445,True
90,P-Tau (4),-45.49976629863426,True
91,P-Tau (4),-12.289839428359858,True
92,P-Tau (4),-49.78663031628122,True
93,P-Tau (4),-23.0529688350194,True
94,P-Tau (4),-23.94899902830507,False
95,P-Tau (4),-52.98586880695492,True
96,P-Tau (4),-87.10406505712892,True
97,P-Tau (4),-37.81587084708955,True
98,P-Tau (4),-23.664270524873395,True
99,P-Tau (4),-18.119858420536225,True
100,P-Tau (4),-39.094354657534744,True
101,P-Tau (4),-22.790490107761762,True
102,P-Tau (4),-35.391932603829325,True
103,P-Tau (4),-30.715447580399328,False
104,P-Tau (4),-1.1714411759516565,True
105,P-Tau (4),-15.233064905370888,True
106,P-Tau (4),-7.674392125999979,True
107,P-Tau (4),16.510907869323688,True
108,P-Tau (4),-48.24102061780633,True
109,P-Tau (4),-51.9693511251818,True
110,P-Tau (4),20.48683017674219,True
111,P-Tau (4),21.891945079815386,True
112,P-Tau (4),-46.118171542177855,True
113,P-Tau (4),-46.54754899466286,True
114,P-Tau (4),-38.237708725486264,True
115,P-Tau (4),-60.64484164656662,True
116,P-Tau (4),-89.92854172344867,True
117,P-Tau (4),-26.21142858165053,False
118,P-Tau (4),-64.65111495201813,True
119,P-Tau (4),-38.86411910232853,True
120,P-Tau (4),-73.35892124705879,True
121,P-Tau (4),-30.32104200700317,True
122,P-Tau (4),-40.248869987310506,True
123,P-Tau (4),-68.41903337960294,True
124,P-Tau (4),-57.17867813381946,True
125,P-Tau (4),-56.227231282073035,True
126,P-Tau (4),-41.74326921711676,True
127,P-Tau (4),-11.964898699789714,True
128,P-Tau (4),-104.90022484847901,True
129,P-Tau (4),-26.123611127886516,True
130,P-Tau (4),-43.096209576286256,True
131,P-Tau (4),-30.956831836328316,True
132,P-Tau (4),-81.1500745686607,True
133,P-Tau (4),-8.628428761465553,False
134,P-Tau (4),0.22016681449076003,True
135,P-Tau (4),-53.519722267785056,True
136,P-Tau (4),-31.261898385921242,False
137,P-Tau (4),-37.74795948828808,True
138,P-Tau (4),-44.75528017439504,True
139,P-Tau (4),-68.2619968731338,True
140,P-Tau (4),19.32025071371291,True
141,P-Tau (4),-111.8427463256285,True
142,P-Tau (4),1.671737673125481,True
143,P-Tau (4),-53.75537036276043,True
144,P-Tau (4),-57.24193658982487,True
145,P-Tau (4),-33.580934813916556,True
146,P-Tau (4),-20.893859128338633,True
147,P-Tau (4),-58.61100088024577,True
148,P-Tau (4),-94.85511202346211,True
149,P-Tau (4),-80.42181011422599,True
150,P-Tau (4),-92.00621396276202,True
151,P-Tau (4),6.730029710884274,True
152,P-Tau (4),-19.6499267294237,True
153,P-Tau (4),-22.458530556249794,False
154,P-Tau (4),-116.09859035615926,True
155,P-Tau (4),7.4702540774218775,True
156,P-Tau (4),-63.58978184681324,True
157,P-Tau (4),-58.21845944932423,True
158,P-Tau (4),-47.599067172444876,True
159,P-Tau (4),-19.32780235651631,True
160,P-Tau (4),-6.338653835878958,True
161,P-Tau (4),-31.473228725235305,True
162,P-Tau (4),-15.869538231359783,False
163,P-Tau (4),-82.08077156883081,True
164,P-Tau (4),-11.464440610187062,True
165,P-Tau (4),-36.428062435871176,True
166,P-Tau (4),22.01134771590023,True
167,P-Tau (4),-58.50690514339056,False
168,P-Tau (4),-28.63957367531899,False
169,P-Tau (4),-18.300904761316474,True
170,P-Tau (4),-18.00034704461114,True
171,P-Tau (4),-21.59549693979209,True
172,P-Tau (4),-87.96853707398148,True
173,P-Tau (4),-51.12400245525868,True
174,P-Tau (4),-34.16460394738738,False
175,P-Tau (4),-5.490626778787654,True
176,P-Tau (4),5.010530828078739,False
177,P-Tau (4),-34.13784812500293,True
178,P-Tau (4),36.43663275694492,True
179,P-Tau (4),-102.13760147982919,True
180,P-Tau (4),-17.349662827626815,True
181,P-Tau (4),-41.67973129567677,False
182,P-Tau (4),-31.35727665808235,True
183,P-Tau (4),-105.80422156598776,True
184,P-Tau (4),-46.90167039976332,False
185,P-Tau (4),-33.87937851315966,True
186,P-Tau (4),-38.47088528279329,True
187,P-Tau (4),-37.54747313659869,True
188,P-Tau (4),-98.52046643914422,True
189,P-Tau (4),-52.85489644074507,True
190,P-Tau (4),2.1331251917951306,True
191,P-Tau (4),-39.87452255890606,True
192,P-Tau (4),-125.08879754021767,True
193,P-Tau (4),-23.81772537490553,True
194,P-Tau (4),16.49266168441629,True
195,P-Tau (4),7.876048452354624,True
196,P-Tau (4),-25.298033761834734,True
197,P-Tau (4),42.62031613792932,True
198,P-Tau (4),-18.698487031150126,True
199,P-Tau (4),-42.82333556118262,True
200,P-Tau (4),-2.4247136569258245,False
201,P-Tau (4),-63.53847937110244,True
202,P-Tau (4),-38.993266947817226,True
203,P-Tau (4),-26.470873033471015,True
204,P-Tau (4),-71.77423881830242,True
205,P-Tau (4),-22.07131078007524,True
206,P-Tau (4),-59.807800642341505,True
207,P-Tau (4),-24.800408234714887,True
208,P-Tau (4),-126.90118678295094,True
209,P-Tau (4),-6.545671850112143,True
210,P-Tau (4),-39.65528855516425,True
211,P-Tau (4),-43.48007741608704,False
212,P-Tau (4),-37.406887666036525,True
213,P-Tau (4),-5.36997231450917,True
214,P-Tau (4),-76.22945312652239,True
215,P-Tau (4),-10.713296580038113,True
216,P-Tau (4),-56.42469360219353,True
217,P-Tau (4),-78.50861093571832,True
218,P-Tau (4),-60.373427552386886,True
219,P-Tau (4),-9.0871276829347,True
220,P-Tau (4),-60.68694698025991,True
221,P-Tau (4),-71.82274417540951,True
222,P-Tau (4),8.341262404838346,True
223,P-Tau (4),-97.16733955593863,True
224,P-Tau (4),-73.01273405274863,True
225,P-Tau (4),-35.89603487133977,True
226,P-Tau (4),-9.677313108366839,True
227,P-Tau (4),-24.16557664231141,True
228,P-Tau (4),-52.977813715330036,True
229,P-Tau (4),-16.184801586282973,False
230,P-Tau (4),-91.92441489546326,True
231,P-Tau (4),-11.43994129370084,True
232,P-Tau (4),-45.325106214478396,True
233,P-Tau (4),-45.116686336483696,True
234,P-Tau (4),-34.898094390733945,True
235,P-Tau (4),-90.55736484600801,True
236,P-Tau (4),-39.53957888335692,True
237,P-Tau (4),-60.303932657697985,True
238,P-Tau (4),-18.92437298068384,False
239,P-Tau (4),-83.4955602048159,True
240,P-Tau (4),-41.109220572489534,True
241,P-Tau (4),0.06878484466864165,True
242,P-Tau (4),-59.8715831644425,True
243,P-Tau (4),-106.08665250748632,True
244,P-Tau (4),-74.08359422180655,True
245,P-Tau (4),-32.36787344406371,True
246,P-Tau (4),-96.01804457398312,True
247,P-Tau (4),-21.622854426996778,True
248,P-Tau (4),13.159161794301959,False
249,P-Tau (4),-15.509605107312243,True
250,P-Tau (4),-30.108326608734547,True
251,P-Tau (4),-61.81540513825116,True
252,P-Tau (4),-19.822672263021452,False
253,P-Tau (4),5.948718989803492,True
254,P-Tau (4),-49.169077232990546,True
255,P-Tau (4),-12.372539084227444,True
256,P-Tau (4),-91.37832085288795,True
257,P-Tau (4),-32.18751434966766,False
258,P-Tau (4),-42.569961299225014,True
259,P-Tau (4),-93.69063333879157,True
260,P-Tau (4),-45.029268503155166,True
261,P-Tau (4),-39.217862512958234,True
262,P-Tau (4),-20.043896425655184,True
263,P-Tau (4),-34.747686075275425,True
264,P-Tau (4),-23.589931584717938,False
265,P-Tau (4),-0.16278347307239116,True
266,P-Tau (4),-26.664323056095018,True
267,P-Tau (4),-21.191086624725198,True
268,P-Tau (4),-60.94151142166867,True
269,P-Tau (4),-40.301904678797925,True
270,P-Tau (4),-11.661422793489082,True
271,P-Tau (4),-44.03789686438218,True
272,P-Tau (4),-63.08062071252015,True
273,P-Tau (4),-32.051096219788555,True
274,P-Tau (4),-81.6956579561726,True
275,P-Tau (4),-40.516735181877294,True
276,P-Tau (4),-30.190848736141458,True
277,P-Tau (4),-50.49366503718573,True
278,P-Tau (4),-21.770977161263318,True
279,P-Tau (4),3.32845170506711,False
280,P-Tau (4),-83.13408342704653,True
281,P-Tau (4),-80.51306134920998,True
282,P-Tau (4),-70.9578388911424,True
283,P-Tau (4),-55.72068122197608,True
284,P-Tau (4),-21.87685420991169,True
285,P-Tau (4),-71.75369446967815,True
286,P-Tau (4),-5.425827060956337,True
287,P-Tau (4),-18.01709891194586,True
288,P-Tau (4),-88.9421086366704,True
289,P-Tau (4),-15.955493172880509,True
290,P-Tau (4),-42.73499456643321,True
291,P-Tau (4),-37.31373790292841,True
292,P-Tau (4),-112.8394993951795,True
293,P-Tau (4),9.093604424572824,False
294,P-Tau (4),-77.60725894968371,True
295,P-Tau (4),-57.573102797257384,True
296,P-Tau (4),-10.156857205138845,True
297,P-Tau (4),-68.2167930013234,False
298,P-Tau (4),-50.063839839295525,True
299,P-Tau (4),-12.627389767806845,True
300,P-Tau (4),-26.701715930411066,True
301,P-Tau (4),-39.27022251728499,True
302,P-Tau (4),-102.7052485695979,True
303,P-Tau (4),-44.45335204559123,True
304,P-Tau (4),1.9788826447791017,False
305,P-Tau (4),-4.362995278695003,True
306,P-Tau (4),7.386652543306802,True
307,P-Tau (4),-6.337608101103079,True
308,P-Tau (4),-53.07617116057058,True
309,P-Tau (4),-22.934632043445887,True
310,P-Tau (4),-23.551138372587438,True
311,P-Tau (4),-18.489204020970654,True
312,P-Tau (4),-31.743494133812465,True
313,P-Tau (4),-119.43906821195627,True
314,P-Tau (4),-47.02344333834012,True
315,P-Tau (4),-0.6871481163167665,False
316,P-Tau (4),-27.994507070207728,True
317,P-Tau (4),-63.43196674542354,True
318,P-Tau (4),-68.9410849342754,True
319,P-Tau (4),-98.43102037634267,True
320,P-Tau (4),-53.77199264508926,True
321,P-Tau (4),-16.101406563374958,True
322,P-Tau (4),-18.2495447980193,True
323,P-Tau (4),-41.110634946748014,True
324,P-Tau (4),-50.79584232670573,True
325,P-Tau (4),-28.10772307311812,True
326,P-Tau (4),-17.51863419949334,False
327,P-Tau (4),-13.676030913068596,False
328,P-Tau (4),-26.854121610174133,True
329,P-Tau (4),-34.6977259444101,True
330,P-Tau (4),-11.405571028657953,True
331,P-Tau (4),-70.40524193629726,True
332,P-Tau (4),-78.61601830153458,True
333,P-Tau (4),-56.82863826161023,True
334,P-Tau (4),-97.33949477181594,True
335,P-Tau (4),-48.93737267203647,True
336,P-Tau (4),-24.597855806406166,True
337,P-Tau (4),-69.12845348614674,True
338,P-Tau (4),-102.64786759853601,True
339,P-Tau (4),6.92159212778099,True
340,P-Tau (4),-65.80176568800914,True
341,P-Tau (4),-66.40362831649014,True
342,P-Tau (4),-40.687547343785745,True
343,P-Tau (4),-52.519296230689314,True
344,P-Tau (4),-17.481926065843247,True
345,P-Tau (4),-39.14814257747701,True
346,P-Tau (4),-60.283166777930354,True
347,P-Tau (4),-77.17780878979102,True
348,P-Tau (4),-75.70934771508095,True
349,P-Tau (4),-21.144734259566356,True
350,P-Tau (4),-52.86903043139968,True
351,P-Tau (4),-12.150281383796743,True
352,P-Tau (4),-32.65362493106793,True
353,P-Tau (4),-5.3667280660042,True
354,P-Tau (4),-22.74269284978301,True
355,P-Tau (4),-15.979903142730848,True
356,P-Tau (4),-102.43130877965933,True
357,P-Tau (4),-36.48949820230697,True
358,P-Tau (4),13.609442210142994,False
359,P-Tau (4),-22.335848300107862,True
360,P-Tau (4),-53.96634583434284,True
361,P-Tau (4),-19.870815355984845,True
362,P-Tau (4),-83.63613771086835,True
363,P-Tau (4),-1.2498885381997304,True
364,P-Tau (4),-58.56656798222353,True
365,P-Tau (4),-48.736189322194136,True
366,P-Tau (4),-0.5971463883630506,False
367,P-Tau (4),-4.848057535058025,True
368,P-Tau (4),-74.568050995128,True
369,P-Tau (4),-18.2885625819504,True
370,P-Tau (4),-20.982682088449767,True
371,P-Tau (4),-22.916932412251988,True
372,P-Tau (4),-0.8962238735919179,True
373,P-Tau (4),-53.37410344961023,True
374,P-Tau (4),-19.64174614519577,True
375,P-Tau (4),-27.950785810756837,True
376,P-Tau (4),-31.711935022039306,True
377,P-Tau (4),-26.62728898176064,True
378,P-Tau (4),-44.131671064307056,False
379,P-Tau (4),-31.444395239547983,True
380,P-Tau (4),-31.304277536726193,True
381,P-Tau (4),-20.626631804918215,True
382,P-Tau (4),-32.25079630961157,True
383,P-Tau (4),-67.42246740911344,True
384,P-Tau (4),-113.76291158776081,True
385,P-Tau (4),-21.542207511239916,True
386,P-Tau (4),-56.11289676787361,True
387,P-Tau (4),-41.399265557643616,False
388,P-Tau (4),-11.567941708403312,True
389,P-Tau (4),-56.48413872778789,True
390,P-Tau (4),-40.53031991313488,True
391,P-Tau (4),-15.046001778259756,True
392,P-Tau (4),-23.78333384647597,True
393,P-Tau (4),1.1916563968484581,True
394,P-Tau (4),-13.807848656427922,True
395,P-Tau (4),-44.82458310424071,True
396,P-Tau (4),-30.354982181541104,False
397,P-Tau (4),1.257634238755493,True
398,P-Tau (4),-14.809775360851113,True
399,P-Tau (4),-108.92819273323258,True
400,P-Tau (4),-38.43049719495415,True
401,P-Tau (4),-29.4692464082603,False
402,P-Tau (4),-4.770507725517554,True
403,P-Tau (4),-37.053916699372664,False
404,P-Tau (4),35.73084475463199,True
405,P-Tau (4),-35.69081794315409,True
406,P-Tau (4),-41.01774815282859,True
407,P-Tau (4),-104.17108751541211,True
408,P-Tau (4),-30.2837094644378,False
409,P-Tau (4),-56.40144301359656,True
410,P-Tau (4),-35.67549338748969,True
411,P-Tau (4),-1.030658924179491,True
412,P-Tau (4),1.4459978915937342,True
413,P-Tau (4),2.824769491103595,True
414,P-Tau (4),-55.843966217466956,True
415,P-Tau (4),-16.602575756440437,True
416,P-Tau (4),9.468535492467893,True
417,P-Tau (4),-32.40635130815538,True
418,P-Tau (4),2.922068624886478,True
419,P-Tau (4),1.45830778217438,True
420,P-Tau (4),-73.30673050024461,True
421,P-Tau (4),-9.62742109057102,True
422,P-Tau (4),-16.399646274725775,True
423,P-Tau (4),-52.98895855270032,True
424,P-Tau (4),-24.6771101568113,True
425,P-Tau (4),-54.99903744306061,True
426,P-Tau (4),-30.043031027573956,True
427,P-Tau (4),-17.54219542084467,True
428,P-Tau (4),-11.63397048135205,False
429,P-Tau (4),-97.10474162115524,True
430,P-Tau (4),-83.19382476510214,True
431,P-Tau (4),3.2107655090139993,True
432,P-Tau (4),-70.91707114467243,True
433,P-Tau (4),-75.5891192954374,True
434,P-Tau (4),-82.88892616576939,True
435,P-Tau (4),-29.094200235446294,True
436,P-Tau (4),-28.06665691625068,True
437,P-Tau (4),-39.80406143751051,True
438,P-Tau (4),-16.322075107666315,True
439,P-Tau (4),-13.906984545539624,True
440,P-Tau (4),-18.927898517675,True
441,P-Tau (4),-24.861724712731732,True
442,P-Tau (4),-66.26843577788702,False
443,P-Tau (4),-15.772747690474766,True
444,P-Tau (4),-100.19107523473704,True
445,P-Tau (4),-41.39001508153018,True
446,P-Tau (4),-28.50670133015183,True
447,P-Tau (4),-40.76875426953155,True
448,P-Tau (4),-34.06126891910798,True
449,P-Tau (4),-57.97465463922074,True
450,P-Tau (4),-11.037439860367357,True
451,P-Tau (4),-65.7326636658066,True
452,P-Tau (4),-21.11373567321213,True
453,P-Tau (4),-54.66073744530757,True
454,P-Tau (4),-29.377764508804795,True
455,P-Tau (4),-19.531229935634077,True
456,P-Tau (4),-23.19819394806904,True
457,P-Tau (4),-35.63293855959733,True
458,P-Tau (4),-54.028838234323324,True
459,P-Tau (4),-28.979276659476422,True
460,P-Tau (4),-19.06748886159663,True
461,P-Tau (4),-39.42785562627096,True
462,P-Tau (4),-24.7748173865993,True
463,P-Tau (4),-22.559819759763933,False
464,P-Tau (4),-78.51929947815462,True
465,P-Tau (4),-102.19097174697617,True
466,P-Tau (4),-96.03228696810157,True
467,P-Tau (4),-42.29337222870124,True
468,P-Tau (4),-77.7903363605191,True
469,P-Tau (4),-4.63480327590991,True
470,P-Tau (4),-3.48770731498864,True
471,P-Tau (4),-55.30540668827507,True
472,P-Tau (4),15.909133239469142,True
473,P-Tau (4),-48.81490470009663,True
474,P-Tau (4),-7.012708811255347,True
475,P-Tau (4),-44.90741390059793,True
476,P-Tau (4),-93.96630867925433,True
477,P-Tau (4),-15.96606711375373,True
478,P-Tau (4),-25.986238075034173,True
479,P-Tau (4),-58.13756869228916,True
480,P-Tau (4),-72.7563465852246,True
481,P-Tau (4),-45.310157309812034,True
482,P-Tau (4),-74.91169731300636,True
483,P-Tau (4),-22.69449331956282,True
484,P-Tau (4),-68.5057358994839,True
485,P-Tau (4),-82.45151240299985,True
486,P-Tau (4),-13.69144328010016,False
487,P-Tau (4),-8.3979700583896,True
488,P-Tau (4),28.936780025909655,True
489,P-Tau (4),-25.121013631836107,False
490,P-Tau (4),-97.71921174084812,True
491,P-Tau (4),-9.867786777772155,True
492,P-Tau (4),-31.82311840598372,False
493,P-Tau (4),-10.47516934950892,True
494,P-Tau (4),-12.026685677945046,False
495,P-Tau (4),-65.43818703055558,True
496,P-Tau (4),-50.90168183783895,True
497,P-Tau (4),-25.05637122809331,True
498,P-Tau (4),-54.310903529738546,True
499,P-Tau (4),-49.57247928618363,True
0,MMSE (5),28.38230666102057,True
1,MMSE (5),28.277813691039476,True
2,MMSE (5),23.942230230236195,True
3,MMSE (5),17.767381339134324,True
4,MMSE (5),27.41833780033437,False
5,MMSE (5),22.76968908488217,True
6,MMSE (5),28.57020481661039,True
7,MMSE (5),28.128333998055474,True
8,MMSE (5),25.904662845390913,True
9,MMSE (5),27.73868899611969,True
10,MMSE (5),29.278689158376984,True
11,MMSE (5),26.79494102911939,True
12,MMSE (5),23.248677166093778,True
13,MMSE (5),27.5831799453172,True
14,MMSE (5),27.547918640645072,True
15,MMSE (5),27.68654675561496,True
16,MMSE (5),28.033765140939686,True
17,MMSE (5),28.74697977171337,False
18,MMSE (5),22.637148956853718,True
19,MMSE (5),22.106681988466327,True
20,MMSE (5),27.704563934120706,True
21,MMSE (5),28.038462273406957,True
22,MMSE (5),25.055183301847237,True
23,MMSE (5),20.768181322335593,True
24,MMSE (5),19.69546777430104,True
25,MMSE (5),15.692613614377004,True
26,MMSE (5),27.338252625395548,False
27,MMSE (5),19.908891714276365,True
28,MMSE (5),27.504970653740344,True
29,MMSE (5),27.81227548985965,True
30,MMSE (5),20.139467438209845,True
31,MMSE (5),27.810591140787487,True
32,MMSE (5),21.424727547551296,True
33,MMSE (5),27.997937396002044,False
34,MMSE (5),25.257247685143657,True
35,MMSE (5),27.949650630586298,True
36,MMSE (5),26.751006929443417,True
37,MMSE (5),22.05860691508625,True
38,MMSE (5),27.7844992828613,True
39,MMSE (5),28.880159760820842,True
40,MMSE (5),23.602641845493974,True
41,MMSE (5),28.043117991271995,True
42,MMSE (5),27.376840523296593,True
43,MMSE (5),17.241874213803236,True
44,MMSE (5),28.18643521621843,False
45,MMSE (5),25.598739643213833,True
46,MMSE (5),22.249018286412912,True
47,MMSE (5),28.763859930751273,True
48,MMSE (5),28.12404730734245,True
49,MMSE (5),21.589306288975088,True
50,MMSE (5),18.997759535438384,True
51,MMSE (5),28.87146436786274,False
52,MMSE (5),20.737599370185194,True
53,MMSE (5),23.04873598940629,True
54,MMSE (5),29.13942206679996,True
55,MMSE (5),29.237096210609764,True
56,MMSE (5),28.452885134553124,True
57,MMSE (5),27.090290412790615,True
58,MMSE (5),19.98891338845904,True
59,MMSE (5),22.351232306447965,True
60,MMSE (5),26.758721444040095,True
61,MMSE (5),26.926575798595263,True
62,MMSE (5),19.824489381585256,True
63,MMSE (5),27.598346344994848,True
64,MMSE (5),21.14556219413832,True
65,MMSE (5),24.719699431631543,True
66,MMSE (5),20.823565823087122,True
67,MMSE (5),27.69166260685456,True
68,MMSE (5),23.229292137515806,True
69,MMSE (5),28.392551001503985,False
70,MMSE (5),26.97677453409181,True
71,MMSE (5),22.039507989823967,True
72,MMSE (5),27.60390820267287,True
73,MMSE (5),28.45131821963647,True
74,MMSE (5),26.844868095367733,True
75,MMSE (5),28.25496091169842,True
76,MMSE (5),20.712551005296017,True
77,MMSE (5),18.921422578393738,True
78,MMSE (5),20.781826374548725,True
79,MMSE (5),19.7252287273146,True
80,MMSE (5),28.5150944419165,True
81,MMSE (5),25.135092874906654,True
82,MMSE (5),22.099969410069583,True
83,MMSE (5),28.24798016513969,True
84,MMSE (5),26.40747263365595,True
85,MMSE (5),19.59673294245261,True
86,MMSE (5),28.085141244987344,True
87,MMSE (5),23.707368218735038,True
88,MMSE (5),24.31256601833771,True
89,MMSE (5),23.885272296306262,True
90,MMSE (5),24.16407079472171,True
91,MMSE (5),27.199068456670517,True
92,MMSE (5),25.234012057753606,True
93,MMSE (5),21.850768162682847,True
94,MMSE (5),27.942685525991877,False
95,MMSE (5),23.902504675131475,True
96,MMSE (5),21.201838249318495,True
97,MMSE (5),24.496353263835818,True
98,MMSE (5),26.952920444779195,True
99,MMSE (5),18.904803797441474,True
100,MMSE (5),29.207478408753573,True
101,MMSE (5),27.496770031216876,True
102,MMSE (5),18.833418978710167,True
103,MMSE (5),29.275174810359715,False
104,MMSE (5),15.658746731811148,True
105,MMSE (5),27.213410739052854,True
106,MMSE (5),18.475271433552418,True
107,MMSE (5),27.80250067060468,True
108,MMSE (5),27.458732388525146,True
109,MMSE (5),24.947654807075693,True
110,MMSE (5),27.811503654228233,True
111,MMSE (5),24.322999823500616,True
112,MMSE (5),28.369606785297847,True
113,MMSE (5),22.477482435250348,True
114,MMSE (5),28.438677525515477,True
115,MMSE (5),19.837463031489655,True
116,MMSE (5),26.802593239795847,True
117,MMSE (5),30.1375441022079,False
118,MMSE (5),23.190175195962297,True
119,MMSE (5),23.99523210854864,True
120,MMSE (5),27.093174699118084,True
121,MMSE (5),25.48839987990528,True
122,MMSE (5),21.842811443821947,True
123,MMSE (5),23.33514454786124,True
124,MMSE (5),22.858950113314027,True
125,MMSE (5),22.749369827045907,True
126,MMSE (5),22.889653433365723,True
127,MMSE (5),28.845673728397724,True
128,MMSE (5),28.246898271501728,True
129,MMSE (5),29.205663422528133,True
130,MMSE (5),25.6512819945734,True
131,MMSE (5),22.230404839505468,True
132,MMSE (5),22.458874426257076,True
133,MMSE (5),27.05969629580066,False
134,MMSE (5),27.082042125795184,True
135,MMSE (5),29.197931063217283,True
136,MMSE (5),28.644420034834802,False
137,MMSE (5),23.29789752892396,True
138,MMSE (5),22.22115314544373,True
139,MMSE (5),27.498082023810646,True
140,MMSE (5),22.30181124080128,True
141,MMSE (5),20.95514616161348,True
142,MMSE (5),28.562323081618825,True
143,MMSE (5),20.50584700344963,True
144,MMSE (5),27.440223348720096,True
145,MMSE (5),28.164901784476744,True
146,MMSE (5),29.171968290064374,True
147,MMSE (5),22.166533113851,True
148,MMSE (5),23.31963709471814,True
149,MMSE (5),19.662588248927364,True
150,MMSE (5),27.58247570448048,True
151,MMSE (5),19.471538601255922,True
152,MMSE (5),27.989714834552593,True
153,MMSE (5),26.990061423532882,False
154,MMSE (5),21.694379720567312,True
155,MMSE (5),28.61903286711108,True
156,MMSE (5),20.764484610306493,True
157,MMSE (5),27.801325995275036,True
158,MMSE (5),28.491123900908587,True
159,MMSE (5),18.239441641553036,True
160,MMSE (5),27.7080984172401,True
161,MMSE (5),24.770426139279426,True
162,MMSE (5),27.252174956247647,False
163,MMSE (5),20.615323659604414,True
164,MMSE (5),21.967940736586225,True
165,MMSE (5),28.002088519142056,True
166,MMSE (5),27.639852056397704,True
167,MMSE (5),28.215710757159062,False
168,MMSE (5),27.50118840253575,False
169,MMSE (5),28.28852537279064,True
170,MMSE (5),26.714831266724623,True
171,MMSE (5),18.229588842369587,True
172,MMSE (5),19.118832976491287,True
173,MMSE (5),17.384982515591567,True
174,MMSE (5),28.293095958073774,False
175,MMSE (5),27.978083602861535,True
176,MMSE (5),27.946216888491698,False
177,MMSE (5),28.024413071681728,True
178,MMSE (5),27.05528219837268,True
179,MMSE (5),24.040841479740088,True
180,MMSE (5),19.847614620370134,True
181,MMSE (5),30.29245245436792,False
182,MMSE (5),28.932263604834112,True
183,MMSE (5),19.289910762871312,True
184,MMSE (5),28.526532951301427,False
185,MMSE (5),22.095997404080826,True
186,MMSE (5),21.173811712215965,True
187,MMSE (5),20.93589884427012,True
188,MMSE (5),23.366060791360837,True
189,MMSE (5),21.939165395945622,True
190,MMSE (5),28.561605942174122,True
191,MMSE (5),27.80844417884534,True
192,MMSE (5),19.401133934073798,True
193,MMSE (5),27.00725476307493,True
194,MMSE (5),24.696266208447366,True
195,MMSE (5),20.481787341396263,True
196,MMSE (5),23.68537555049686,True
197,MMSE (5),23.249553339200922,True
198,MMSE (5),28.050038351531626,True
199,MMSE (5),28.036938908661362,True
200,MMSE (5),27.99152223995371,False
201,MMSE (5),23.19328090883558,True
202,MMSE (5),27.310381615829243,True
203,MMSE (5),23.083053279540948,True
204,MMSE (5),24.28466029807224,True
205,MMSE (5),28.184008126255858,True
206,MMSE (5),20.14395039821495,True
207,MMSE (5),27.580612070515517,True
208,MMSE (5),24.748510244993618,True
209,MMSE (5),22.522754760736724,True
210,MMSE (5),28.190630075948512,True
211,MMSE (5),27.019185542671632,False
212,MMSE (5),28.283287122519063,True
213,MMSE (5),28.83553274668131,True
214,MMSE (5),18.992581741046248,True
215,MMSE (5),28.623875149918824,True
216,MMSE (5),19.74923730412836,True
217,MMSE (5),20.749416366524535,True
218,MMSE (5),25.486087629915747,True
219,MMSE (5),27.582128405418167,True
220,MMSE (5),21.99871641648549,True
221,MMSE (5),16.608810217273216,True
222,MMSE (5),27.085395804692173,True
223,MMSE (5),28.063796161469206,True
224,MMSE (5),26.188149182407358,True
225,MMSE (5),27.579833022548502,True
226,MMSE (5),23.478445430582788,True
227,MMSE (5),27.382165496547152,True
228,MMSE (5),23.906682406308597,True
229,MMSE (5),27.749778374028153,False
230,MMSE (5),18.441166355932385,True
231,MMSE (5),18.36258508611274,True
232,MMSE (5),28.065759508535635,True
233,MMSE (5),28.938098178810232,True
234,MMSE (5),27.478555484466437,True
235,MMSE (5),21.98702437461467,True
236,MMSE (5),23.946704218589087,True
237,MMSE (5),26.46153128059165,True
238,MMSE (5),27.5191290133103,False
239,MMSE (5),23.815324534849715,True
240,MMSE (5),28.649059535097695,True
241,MMSE (5),27.915752607778835,True
242,MMSE (5),26.94430990530666,True
243,MMSE (5),28.114594598664624,True
244,MMSE (5),21.985227838088633,True
245,MMSE (5),28.10464300225709,True
246,MMSE (5),19.7843754722376,True
247,MMSE (5),22.151222234070122,True
248,MMSE (5),27.549271468742187,False
249,MMSE (5),28.549905668760104,True
250,MMSE (5),27.936463255231732,True
251,MMSE (5),28.090772081331775,True
252,MMSE (5),28.448136801757602,False
253,MMSE (5),29.449573599455025,True
254,MMSE (5),28.137087793709338,True
255,MMSE (5),27.683610450907853,True
256,MMSE (5),24.246878115565895,True
257,MMSE (5),26.899228902071133,False
258,MMSE (5),28.44531605527033,True
259,MMSE (5),20.977250404894434,True
260,MMSE (5),28.264490616746553,True
261,MMSE (5),28.295488064026273,True
262,MMSE (5),26.811410967609127,True
263,MMSE (5),20.243837345076773,True
264,MMSE (5),27.861714995815447,False
265,MMSE (5),28.339759751737688,True
266,MMSE (5),21.564828714246172,True
267,MMSE (5),28.732923668464135,True
268,MMSE (5),24.723384765225287,True
269,MMSE (5),27.10446543316578,True
270,MMSE (5),28.705363914930583,True
271,MMSE (5),20.229081995667894,True
272,MMSE (5),20.246323608622152,True
273,MMSE (5),27.979058457846335,True
274,MMSE (5),23.065349938688637,True
275,MMSE (5),28.2573435398895,True
276,MMSE (5),27.35914657964958,True
277,MMSE (5),28.937258497004795,True
278,MMSE (5),28.51974034418911,True
279,MMSE (5),28.921663322674476,False
280,MMSE (5),21.616806358986214,True
281,MMSE (5),24.014085776269322,True
282,MMSE (5),22.36546953296502,True
283,MMSE (5),21.82307210755891,True
284,MMSE (5),27.668506015148253,True
285,MMSE (5),27.377140516564744,True
286,MMSE (5),17.162069114478342,True
287,MMSE (5),28.327147910690545,True
288,MMSE (5),24.58417589904651,True
289,MMSE (5),27.762891233772862,True
290,MMSE (5),19.707070214200748,True
291,MMSE (5),27.745640195926757,True
292,MMSE (5),24.381424906829405,True
293,MMSE (5),28.37924540148742,False
294,MMSE (5),21.255229978200422,True
295,MMSE (5),20.530101239583352,True
296,MMSE (5),28.41604581031819,True
297,MMSE (5),27.741642296581148,False
298,MMSE (5),21.277431678299155,True
299,MMSE (5),27.117378766244922,True
300,MMSE (5),27.97660691494109,True
301,MMSE (5),25.453437713044423,True
302,MMSE (5),27.409961763486383,True
303,MMSE (5),27.852352586785162,True
304,MMSE (5),28.26794574676354,False
305,MMSE (5),21.897064607839177,True
306,MMSE (5),28.132945287027106,True
307,MMSE (5),21.870771903765487,True
308,MMSE (5),22.1206763962614,True
309,MMSE (5),28.443032531698005,True
310,MMSE (5),27.290899660933388,True
311,MMSE (5),28.49822871766327,True
312,MMSE (5),27.325228649608928,True
313,MMSE (5),20.73371853922087,True
314,MMSE (5),21.03274035458465,True
315,MMSE (5),27.34201245621712,False
316,MMSE (5),20.933494907426756,True
317,MMSE (5),21.774007050071344,True
318,MMSE (5),26.807008294241143,True
319,MMSE (5),26.15656949701257,True
320,MMSE (5),20.419992410854594,True
321,MMSE (5),28.162312292680994,True
322,MMSE (5),28.59056657916434,True
323,MMSE (5),23.349067718100134,True
324,MMSE (5),19.66768966792472,True
325,MMSE (5),16.99225744277361,True
326,MMSE (5),27.339729725659975,False
327,MMSE (5),28.16036176695978,False
328,MMSE (5),27.927199542192753,True
329,MMSE (5),27.87737794499192,True
330,MMSE (5),16.85375812340164,True
331,MMSE (5),19.231008789635908,True
332,MMSE (5),21.019018311054797,True
333,MMSE (5),21.790578564498762,True
334,MMSE (5),20.093689084853672,True
335,MMSE (5),17.1587275384011,True
336,MMSE (5),26.843529589441538,True
337,MMSE (5),23.803053734237693,True
338,MMSE (5),22.00904507396336,True
339,MMSE (5),20.319045231001358,True
340,MMSE (5),21.50352081199802,True
341,MMSE (5),28.157749110140703,True
342,MMSE (5),22.107676542169962,True
343,MMSE (5),26.612932108332764,True
344,MMSE (5),23.93694123443279,True
345,MMSE (5),27.319648523890724,True
346,MMSE (5),19.000245171074006,True
347,MMSE (5),25.5984074027481,True
348,MMSE (5),27.0445175078736,True
349,MMSE (5),28.03523076808846,True
350,MMSE (5),28.94315028821906,True
351,MMSE (5),28.602108574542964,True
352,MMSE (5),28.108951912222338,True
353,MMSE (5),28.003350336620358,True
354,MMSE (5),27.70515447979214,True
355,MMSE (5),23.0193525860783,True
356,MMSE (5),19.754495434858047,True
357,MMSE (5),28.749732003198787,True
358,MMSE (5),27.086897488867827,False
359,MMSE (5),28.042303721340435,True
360,MMSE (5),23.223896592451002,True
361,MMSE (5),28.259227400994128,True
362,MMSE (5),19.456715811801057,True
363,MMSE (5),27.466828686226133,True
364,MMSE (5),21.35461019426105,True
365,MMSE (5),27.837390191850293,True
366,MMSE (5),28.27954139531064,False
367,MMSE (5),23.81929666169099,True
368,MMSE (5),27.548224649240083,True
369,MMSE (5),27.939609818966897,True
370,MMSE (5),28.190896987244216,True
371,MMSE (5),23.837775446026217,True
372,MMSE (5),28.691104000764337,True
373,MMSE (5),23.614018284260446,True
374,MMSE (5),21.75047469447621,True
375,MMSE (5),28.432961029420444,True
376,MMSE (5),25.684194122875034,True
377,MMSE (5),28.1718204300812,True
378,MMSE (5),28.94141863151685,False
379,MMSE (5),27.265948623486253,True
380,MMSE (5),26.8636554592861,True
381,MMSE (5),28.702139533816172,True
382,MMSE (5),24.534584428493023,True
383,MMSE (5),24.18366195509707,True
384,MMSE (5),23.593602053242016,True
385,MMSE (5),23.04793415755746,True
386,MMSE (5),23.0727540504483,True
387,MMSE (5),28.730381801388802,False
388,MMSE (5),27.837525933933698,True
389,MMSE (5),23.282899111586,True
390,MMSE (5),25.685850496236228,True
391,MMSE (5),28.525944742538965,True
392,MMSE (5),26.953965768513488,True
393,MMSE (5),22.707114169734187,True
394,MMSE (5),20.23266828787644,True
395,MMSE (5),22.285358290021843,True
396,MMSE (5),29.493821491188196,False
397,MMSE (5),22.194582553516444,True
398,MMSE (5),28.42707707611025,True
399,MMSE (5),17.646779288567334,True
400,MMSE (5),27.84232841639499,True
401,MMSE (5),27.780157325842406,False
402,MMSE (5),21.598264350151737,True
403,MMSE (5),27.564740003950742,False
404,MMSE (5),28.96909565234933,True
405,MMSE (5),24.902673676642685,True
406,MMSE (5),29.03008747885256,True
407,MMSE (5),21.07062750967184,True
408,MMSE (5),27.805677418757657,False
409,MMSE (5),23.553449127097007,True
410,MMSE (5),28.733537273657404,True
411,MMSE (5),27.151619876339158,True
412,MMSE (5),19.817116522564614,True
413,MMSE (5),26.807092336357485,True
414,MMSE (5),28.590290515984183,True
415,MMSE (5),18.848377416488947,True
416,MMSE (5),28.021101761518764,True
417,MMSE (5),28.80398572957096,True
418,MMSE (5),24.020417841096442,True
419,MMSE (5),22.66986804622936,True
420,MMSE (5),24.57085199246243,True
421,MMSE (5),18.87507831936119,True
422,MMSE (5),23.95582367329509,True
423,MMSE (5),23.20984875631985,True
424,MMSE (5),22.487858852569907,True
425,MMSE (5),17.951483111292852,True
426,MMSE (5),28.406491121351078,True
427,MMSE (5),27.59058178773088,True
428,MMSE (5),27.011249045174484,False
429,MMSE (5),23.660722785034213,True
430,MMSE (5),23.64874130735374,True
431,MMSE (5),27.39442104238854,True
432,MMSE (5),21.32560359228729,True
433,MMSE (5),22.649875259119472,True
434,MMSE (5),29.7155006237277,True
435,MMSE (5),29.318836766681724,True
436,MMSE (5),27.49441017383801,True
437,MMSE (5),22.56557446265071,True
438,MMSE (5),24.813024731680656,True
439,MMSE (5),27.45182643739921,True
440,MMSE (5),21.103588907241907,True
441,MMSE (5),27.633668445886126,True
442,MMSE (5),27.105732312919848,False
443,MMSE (5),27.630618206178912,True
444,MMSE (5),28.97211598572445,True
445,MMSE (5),23.78921697125583,True
446,MMSE (5),28.425664512280605,True
447,MMSE (5),28.291447202576574,True
448,MMSE (5),28.18784721942795,True
449,MMSE (5),26.26816686601814,True
450,MMSE (5),18.83956877455491,True
451,MMSE (5),28.010209848189884,True
452,MMSE (5),27.718007507340086,True
453,MMSE (5),23.022280041126265,True
454,MMSE (5),28.30666846874743,True
455,MMSE (5),28.12191792370625,True
456,MMSE (5),28.578772802910766,True
457,MMSE (5),21.589388864502382,True
458,MMSE (5),18.01933643438358,True
459,MMSE (5),21.09601565514981,True
460,MMSE (5),27.980070048638467,True
461,MMSE (5),20.347283272936437,True
462,MMSE (5),22.877465396025837,True
463,MMSE (5),28.38496692280703,False
464,MMSE (5),25.527398769076147,True
465,MMSE (5),20.840212343517127,True
466,MMSE (5),22.595575729243105,True
467,MMSE (5),20.194522742869275,True
468,MMSE (5),21.063727925666424,True
469,MMSE (5),28.108297937970896,True
470,MMSE (5),28.588433879822365,True
471,MMSE (5),27.904259471297916,True
472,MMSE (5),18.301248618490565,True
473,MMSE (5),29.037111614045596,True
474,MMSE (5),28.594667140095623,True
475,MMSE (5),24.059590102193585,True
476,MMSE (5),19.28423656893043,True
477,MMSE (5),23.71626123621992,True
478,MMSE (5),26.958773900739033,True
479,MMSE (5),25.5853944169732,True
480,MMSE (5),23.90848491573802,True
481,MMSE (5),28.896954465818663,True
482,MMSE (5),28.068788283617867,True
483,MMSE (5),27.8938477581544,True
484,MMSE (5),20.73643864658708,True
485,MMSE (5),19.18254438360298,True
486,MMSE (5),27.206709467158657,False
487,MMSE (5),27.933386911042927,True
488,MMSE (5),26.551911551027423,True
489,MMSE (5),27.43531555569789,False
490,MMSE (5),24.575823299714752,True
491,MMSE (5),28.92809501325173,True
492,MMSE (5),28.231780312496642,False
493,MMSE (5),27.849897377960083,True
494,MMSE (5),27.55674912186594,False
495,MMSE (5),25.78193009944127,True
496,MMSE (5),27.219016028201025,True
497,MMSE (5),23.313352441195057,True
498,MMSE (5),21.279022534133645,True
499,MMSE (5),23.401393932550835,True
0,ADAS (6),-4.716822908339017,True
1,ADAS (6),-6.530760273597318,True
2,ADAS (6),-7.6043716945416735,True
3,ADAS (6),-18.211697405915775,True
4,ADAS (6),-8.396466837137911,False
5,ADAS (6),-18.092187037445886,True
6,ADAS (6),-4.23892131177495,True
7,ADAS (6),-5.457657869900226,True
8,ADAS (6),-5.956523502618967,True
9,ADAS (6),-6.051929095243386,True
10,ADAS (6),-5.300457283935994,True
11,ADAS (6),-5.977703526375578,True
12,ADAS (6),-22.302602342563247,True
13,ADAS (6),-3.70711698074296,True
14,ADAS (6),-19.41255047398832,True
15,ADAS (6),-4.96718467065582,True
16,ADAS (6),-3.2225355710607992,True
17,ADAS (6),-5.5480407900037045,False
18,ADAS (6),-20.172603743217035,True
19,ADAS (6),-18.80744085556802,True
20,ADAS (6),-5.672068715629748,True
21,ADAS (6),-7.66287049708155,True
22,ADAS (6),-16.974399786668254,True
23,ADAS (6),-25.523826121010817,True
24,ADAS (6),-21.940569080929176,True
25,ADAS (6),-6.525025843707132,True
26,ADAS (6),-5.618904798096703,False
27,ADAS (6),-24.879926702571126,True
28,ADAS (6),-5.0575544207168095,True
29,ADAS (6),-6.812851333137529,True
30,ADAS (6),-5.236390709907571,True
31,ADAS (6),-7.158432813090057,True
32,ADAS (6),-25.232599302825882,True
33,ADAS (6),-5.406472268099887,False
34,ADAS (6),-18.085822725347313,True
35,ADAS (6),-7.553540763168435,True
36,ADAS (6),-5.8027078098269484,True
37,ADAS (6),-23.32780203578942,True
38,ADAS (6),-5.950318988712366,True
39,ADAS (6),-6.872297074548261,True
40,ADAS (6),-5.042720068414985,True
41,ADAS (6),-3.9334593745184323,True
42,ADAS (6),-3.1043808649318683,True
43,ADAS (6),-23.148679042713038,True
44,ADAS (6),-5.647299591031221,False
45,ADAS (6),-14.045017305123498,True
46,ADAS (6),-17.970538154420012,True
47,ADAS (6),-3.9113303003792996,True
48,ADAS (6),-5.0051003619023415,True
49,ADAS (6),-5.4919530904098215,True
50,ADAS (6),-13.89665241995942,True
51,ADAS (6),-4.051691521142969,False
52,ADAS (6),-18.79468103695823,True
53,ADAS (6),-18.618569895871595,True
54,ADAS (6),-9.217334867161481,True
55,ADAS (6),-6.680160788078187,True
56,ADAS (6),-4.119189549316982,True
57,ADAS (6),-16.236896237250726,True
58,ADAS (6),-29.026857643558635,True
59,ADAS (6),-15.31026604906604,True
60,ADAS (6),-18.801324048604414,True
61,ADAS (6),-19.230666087837015,True
62,ADAS (6),-24.23323867777882,True
63,ADAS (6),-4.37771704896897,True
64,ADAS (6),-16.70350314193156,True
65,ADAS (6),-21.93643324382782,True
66,ADAS (6),-11.834737179094786,True
67,ADAS (6),-6.122764369479687,True
68,ADAS (6),-6.172482152648962,True
69,ADAS (6),-7.170616626220584,False
70,ADAS (6),-6.549107127120729,True
71,ADAS (6),-20.645531382194765,True
72,ADAS (6),-5.835799327744287,True
73,ADAS (6),-7.930835212974306,True
74,ADAS (6),-5.289330383321348,True
75,ADAS (6),-6.162719904441509,True
76,ADAS (6),-20.62893092861538,True
77,ADAS (6),-8.509320838048449,True
78,ADAS (6),-25.394970034363798,True
79,ADAS (6),-13.306833374138463,True
80,ADAS (6),-7.205579694794066,True
81,ADAS (6),-13.431814833992377,True
82,ADAS (6),-21.516516024032153,True
83,ADAS (6),-4.911626137801419,True
84,ADAS (6),-6.495670821702212,True
85,ADAS (6),-22.047215745013784,True
86,ADAS (6),-4.757094037559993,True
87,ADAS (6),-22.92927259089724,True
88,ADAS (6),-20.098287245960325,True
89,ADAS (6),-9.40815767058548,True
90,ADAS (6),-7.992363042692052,True
91,ADAS (6),-6.490416264599913,True
92,ADAS (6),-19.659650943814526,True
93,ADAS (6),-6.076802635930922,True
94,ADAS (6),-8.020867617934371,False
95,ADAS (6),-4.919690255545309,True
96,ADAS (6),-15.31645246098057,True
97,ADAS (6),-6.525567368467897,True
98,ADAS (6),-7.915354637777737,True
99,ADAS (6),-22.304388752697562,True
100,ADAS (6),-6.120500727138181,True
101,ADAS (6),-6.441713758033357,True
102,ADAS (6),-24.279916647925003,True
103,ADAS (6),-5.572278648105708,False
104,ADAS (6),-7.927857247680275,True
105,ADAS (6),-6.445888315900467,True
106,ADAS (6),-10.99060114051715,True
107,ADAS (6),-14.805471237031323,True
108,ADAS (6),-20.55489271965391,True
109,ADAS (6),-23.1220588412757,True
110,ADAS (6),-7.2611537813996225,True
111,ADAS (6),-19.335271935842083,True
112,ADAS (6),-7.107645325395926,True
113,ADAS (6),-18.578845419785516,True
114,ADAS (6),-5.24842370803964,True
115,ADAS (6),-29.976747751951777,True
116,ADAS (6),-18.346657244646472,True
117,ADAS (6),-5.527126879982021,False
118,ADAS (6),-18.086102218979487,True
119,ADAS (6),-20.436550902799,True
120,ADAS (6),-7.856237741268028,True
121,ADAS (6),-17.836034398915427,True
122,ADAS (6),-18.72523233520847,True
123,ADAS (6),-24.262472176397004,True
124,ADAS (6),-2.8023499394769047,True
125,ADAS (6),-18.546771098664724,True
126,ADAS (6),-19.76920512475451,True
127,ADAS (6),-4.049494860542777,True
128,ADAS (6),-3.7682680975876295,True
129,ADAS (6),-6.856948432174546,True
130,ADAS (6),-5.209188046057824,True
131,ADAS (6),-22.461244645025737,True
132,ADAS (6),-14.816469299255857,True
133,ADAS (6),-7.774275456222595,False
134,ADAS (6),-5.19342700009639,True
135,ADAS (6),-4.7543331563362745,True
136,ADAS (6),-6.347570655540742,False
137,ADAS (6),-21.10870859915365,True
138,ADAS (6),-15.590539749991825,True
139,ADAS (6),-21.20698585613635,True
140,ADAS (6),-24.900952659960687,True
141,ADAS (6),-16.69275242281376,True
142,ADAS (6),-7.287634527002921,True
143,ADAS (6),-17.29894991051063,True
144,ADAS (6),-25.800903858933417,True
145,ADAS (6),-6.708740761649636,True
146,ADAS (6),-8.300383363458131,True
147,ADAS (6),-5.906801051172048,True
148,ADAS (6),-26.316009902192818,True
149,ADAS (6),-19.81252733335151,True
150,ADAS (6),-5.773753337360637,True
151,ADAS (6),-23.207226184767553,True
152,ADAS (6),-5.283306020532001,True
153,ADAS (6),-6.527720586395078,False
154,ADAS (6),-26.47104152653727,True
155,ADAS (6),-7.339442971477165,True
156,ADAS (6),-19.04150469315115,True
157,ADAS (6),-6.674238044259038,True
158,ADAS (6),-4.217646051568249,True
159,ADAS (6),-18.185014768868637,True
160,ADAS (6),-4.594357031993246,True
161,ADAS (6),-27.92149147464448,True
162,ADAS (6),-6.919474594919605,False
163,ADAS (6),-25.059560273139972,True
164,ADAS (6),-16.344789884869932,True
165,ADAS (6),-4.296328314015721,True
166,ADAS (6),-5.188269242601238,True
167,ADAS (6),-2.87305042612704,False
168,ADAS (6),-5.481223803310426,False
169,ADAS (6),-4.832116732401175,True
170,ADAS (6),-5.059999744287091,True
171,ADAS (6),-31.17168088549385,True
172,ADAS (6),-18.732803058546168,True
173,ADAS (6),-16.256543067456846,True
174,ADAS (6),-3.791596872167294,False
175,ADAS (6),-5.908069422406871,True
176,ADAS (6),-7.203773304122921,False
177,ADAS (6),-5.6171800935819745,True
178,ADAS (6),-6.253769748924421,True
179,ADAS (6),-13.09621883940783,True
180,ADAS (6),-24.550496606019614,True
181,ADAS (6),-6.8051413334395345,False
182,ADAS (6),-7.303652113388408,True
183,ADAS (6),-24.938255897658475,True
184,ADAS (6),-6.918487838684458,False
185,ADAS (6),-20.961916122416643,True
186,ADAS (6),-16.14867315937712,True
187,ADAS (6),-18.96485605080085,True
188,ADAS (6),-25.159912284082175,True
189,ADAS (6),-22.053962547497516,True
190,ADAS (6),-6.207257780007423,True
191,ADAS (6),-9.871625079576713,True
192,ADAS (6),-22.55216883406824,True
193,ADAS (6),-5.811533718044647,True
194,ADAS (6),-6.210846674776056,True
195,ADAS (6),-6.736683883884056,True
196,ADAS (6),-24.756873720141108,True
197,ADAS (6),-18.73684081776157,True
198,ADAS (6),-4.225107207635358,True
199,ADAS (6),-8.13355474336122,True
200,ADAS (6),-6.4679427980867805,False
201,ADAS (6),-5.30754536328785,True
202,ADAS (6),-3.088742268315476,True
203,ADAS (6),-18.41042395947123,True
204,ADAS (6),-23.49716932350411,True
205,ADAS (6),-5.533605872257369,True
206,ADAS (6),-20.532886095052643,True
207,ADAS (6),-5.351785312020696,True
208,ADAS (6),-21.03470383129522,True
209,ADAS (6),-25.267436922852823,True
210,ADAS (6),-6.2889224952844645,True
211,ADAS (6),-3.826065646995242,False
212,ADAS (6),-6.4281052398620195,True
213,ADAS (6),-5.742658773018955,True
214,ADAS (6),-16.57249449150349,True
215,ADAS (6),-4.18951502756701,True
216,ADAS (6),-23.837377581999398,True
217,ADAS (6),-24.935154981346987,True
218,ADAS (6),-18.66362037641655,True
219,ADAS (6),-6.914981415963437,True
220,ADAS (6),-3.5022054771979167,True
221,ADAS (6),-12.816101341014159,True
222,ADAS (6),-6.981777624191794,True
223,ADAS (6),-7.0227126794966805,True
224,ADAS (6),-20.851940020005017,True
225,ADAS (6),-3.7308256690923556,True
226,ADAS (6),-19.66639566439658,True
227,ADAS (6),-7.722751016309633,True
228,ADAS (6),-19.688115583252845,True
229,ADAS (6),-7.333247226408902,False
230,ADAS (6),-6.921450651311272,True
231,ADAS (6),-7.408211265755961,True
232,ADAS (6),-7.0873472483724855,True
233,ADAS (6),-5.354546867934346,True
234,ADAS (6),-5.591261792680119,True
235,ADAS (6),-24.61060689425329,True
236,ADAS (6),-7.092326563080837,True
237,ADAS (6),-18.821565733352525,True
238,ADAS (6),-6.247398374771643,False
239,ADAS (6),-23.253184977933937,True
240,ADAS (6),-6.930010695779043,True
241,ADAS (6),-5.023140494828558,True
242,ADAS (6),-27.48883961461685,True
243,ADAS (6),-16.755154086465275,True
244,ADAS (6),-23.891440860249826,True
245,ADAS (6),-7.040771400855389,True
246,ADAS (6),-18.714765607044292,True
247,ADAS (6),-23.707213455369747,True
248,ADAS (6),-5.6637869036554465,False
249,ADAS (6),-5.011969672997646,True
250,ADAS (6),-3.4401218128805064,True
251,ADAS (6),-6.324741379262147,True
252,ADAS (6),-3.965213473190264,False
253,ADAS (6),-7.3211896163087875,True
254,ADAS (6),-6.684044977997141,True
255,ADAS (6),-3.463816557233966,True
256,ADAS (6),-4.779386965250721,True
257,ADAS (6),-2.9860865532187315,False
258,ADAS (6),-5.007066710158677,True
259,ADAS (6),-8.652285292052781,True
260,ADAS (6),-5.085891181171638,True
261,ADAS (6),-5.633777495063044,True
262,ADAS (6),-5.0493492169893415,True
263,ADAS (6),-24.56182757664167,True
264,ADAS (6),-6.173025904096448,False
265,ADAS (6),-4.270009020472017,True
266,ADAS (6),-21.261185089677642,True
267,ADAS (6),-7.022557089500669,True
268,ADAS (6),-22.31557751189318,True
269,ADAS (6),-7.796842034838784,True
270,ADAS (6),-6.105455280035987,True
271,ADAS (6),-15.829334880202143,True
272,ADAS (6),-22.26655843853387,True
273,ADAS (6),-6.435196606437853,True
274,ADAS (6),-29.003430140074475,True
275,ADAS (6),-7.232954781907121,True
276,ADAS (6),-7.890490944476074,True
277,ADAS (6),-6.320877564913664,True
278,ADAS (6),-6.069931870148095,True
279,ADAS (6),-5.21426281789701,False
280,ADAS (6),-18.234342896865616,True
281,ADAS (6),-22.397284979474502,True
282,ADAS (6),-6.895691421563405,True
283,ADAS (6),-5.71593373449645,True
284,ADAS (6),-4.768168578137718,True
285,ADAS (6),-7.1638086027556955,True
286,ADAS (6),-17.70761516535537,True
287,ADAS (6),-7.632184024455965,True
288,ADAS (6),-25.491319533996897,True
289,ADAS (6),-6.097556792589343,True
290,ADAS (6),-22.432899671710015,True
291,ADAS (6),-5.360619243765847,True
292,ADAS (6),-14.394761380124207,True
293,ADAS (6),-6.190412778703264,False
294,ADAS (6),-23.282356558107463,True
295,ADAS (6),-22.69268590886429,True
296,ADAS (6),-3.239352864752189,True
297,ADAS (6),-6.9588719241973225,False
298,ADAS (6),-20.725632016092185,True
299,ADAS (6),-6.761979713785139,True
300,ADAS (6),-5.665010288872016,True
301,ADAS (6),-25.636072567668364,True
302,ADAS (6),-7.639347775610016,True
303,ADAS (6),-4.250472176650044,True
304,ADAS (6),-3.323408494316701,False
305,ADAS (6),-17.396465912324597,True
306,ADAS (6),-6.5551362139317515,True
307,ADAS (6),-18.65183064934254,True
308,ADAS (6),-17.40849779933449,True
309,ADAS (6),-6.871954650364517,True
310,ADAS (6),-5.195147767612172,True
311,ADAS (6),-5.042319419711494,True
312,ADAS (6),-3.803747457469913,True
313,ADAS (6),-20.737728946364964,True
314,ADAS (6),-23.267958520970218,True
315,ADAS (6),-5.167062775745068,False
316,ADAS (6),-19.41939587006566,True
317,ADAS (6),-25.211007576340833,True
318,ADAS (6),-19.69679878236591,True
319,ADAS (6),-25.969518404920183,True
320,ADAS (6),-22.360746734029252,True
321,ADAS (6),-8.717200632713286,True
322,ADAS (6),-7.368391818346559,True
323,ADAS (6),-22.780034546528213,True
324,ADAS (6),-19.551642736682865,True
325,ADAS (6),-7.808520521765243,True
326,ADAS (6),-5.856369922944471,False
327,ADAS (6),-5.941962231830744,False
328,ADAS (6),-5.250439689179618,True
329,ADAS (6),-6.253840142549168,True
330,ADAS (6),-3.002025890384836,True
331,ADAS (6),-21.31266203211741,True
332,ADAS (6),-27.58725746083302,True
333,ADAS (6),-11.001194072484532,True
334,ADAS (6),-17.539531300027573,True
335,ADAS (6),-21.512860302418105,True
336,ADAS (6),-5.474671084399124,True
337,ADAS (6),-24.361429630689212,True
338,ADAS (6),-7.282270831369277,True
339,ADAS (6),-26.0716123720257,True
340,ADAS (6),-18.191357162282195,True
341,ADAS (6),-22.50583154897295,True
342,ADAS (6),-5.319697771603206,True
343,ADAS (6),-5.525473575719662,True
344,ADAS (6),-19.140305321131883,True
345,ADAS (6),-6.061507837919281,True
346,ADAS (6),-27.21257373249218,True
347,ADAS (6),-5.042128656346942,True
348,ADAS (6),-19.61959808916533,True
349,ADAS (6),-6.712688837302208,True
350,ADAS (6),-6.370763149940116,True
351,ADAS (6),-4.737410404612255,True
352,ADAS (6),-6.6943371719570495,True
353,ADAS (6),-6.3721707895007045,True
354,ADAS (6),-5.895368573586394,True
355,ADAS (6),-20.12436814981069,True
356,ADAS (6),-22.13421709441145,True
357,ADAS (6),-4.569083436959199,True
358,ADAS (6),-5.120512382018423,False
359,ADAS (6),-4.587862636078307,True
360,ADAS (6),-4.899973279784632,True
361,ADAS (6),-3.808948737593606,True
362,ADAS (6),-6.955570941459863,True
363,ADAS (6),-5.781238324751834,True
364,ADAS (6),-8.504165491761377,True
365,ADAS (6),-6.857643556829382,True
366,ADAS (6),-6.586898338816231,False
367,ADAS (6),-16.6209509246849,True
368,ADAS (6),-3.8690559033813257,True
369,ADAS (6),-6.401359679226373,True
370,ADAS (6),-6.241194572849347,True
371,ADAS (6),-19.192747582266556,True
372,ADAS (6),-6.789613430039701,True
373,ADAS (6),-17.26206293503524,True
374,ADAS (6),-21.93491808849018,True
375,ADAS (6),-6.30353680766192,True
376,ADAS (6),-20.380961611819068,True
377,ADAS (6),-4.994035593821482,True
378,ADAS (6),-5.599500374855904,False
379,ADAS (6),-7.870130832707375,True
380,ADAS (6),-4.878216757594838,True
381,ADAS (6),-8.566238750878343,True
382,ADAS (6),-18.354972457970263,True
383,ADAS (6),-21.379069233694224,True
384,ADAS (6),-16.64545836080664,True
385,ADAS (6),-9.00918264010777,True
386,ADAS (6),-19.539052001693022,True
387,ADAS (6),-3.46333690973512,False
388,ADAS (6),-6.724660822646627,True
389,ADAS (6),-12.387596830170105,True
390,ADAS (6),-17.00394711772847,True
391,ADAS (6),-5.1887636917864945,True
392,ADAS (6),-7.657013927924178,True
393,ADAS (6),-11.796497843957367,True
394,ADAS (6),-26.9055057217953,True
395,ADAS (6),-17.023639952518305,True
396,ADAS (6),-4.974960251120825,False
397,ADAS (6),-5.2966476846127115,True
398,ADAS (6),-5.8963851333179536,True
399,ADAS (6),-16.360828781441676,True
400,ADAS (6),-5.687008221252393,True
401,ADAS (6),-5.260890692954079,False
402,ADAS (6),-20.00898442445177,True
403,ADAS (6),-6.284128560962532,False
404,ADAS (6),-5.7519081102247105,True
405,ADAS (6),-21.733345483560132,True
406,ADAS (6),-7.2267150869054895,True
407,ADAS (6),-23.5304965808861,True
408,ADAS (6),-5.893906731000447,False
409,ADAS (6),-22.418871562941586,True
410,ADAS (6),-3.5951939848061327,True
411,ADAS (6),-6.139031726174228,True
412,ADAS (6),-5.478291467866451,True
413,ADAS (6),-7.234849062311603,True
414,ADAS (6),-5.2280324981670425,True
415,ADAS (6),-24.665040342910913,True
416,ADAS (6),-6.775977737603965,True
417,ADAS (6),-3.3372940139383704,True
418,ADAS (6),-26.11614027597497,True
419,ADAS (6),-19.753566042848792,True
420,ADAS (6),-11.622114949415764,True
421,ADAS (6),-22.17989264202439,True
422,ADAS (6),-16.44210487760728,True
423,ADAS (6),-18.014770483064233,True
424,ADAS (6),-7.293912389042665,True
425,ADAS (6),-22.008651684471086,True
426,ADAS (6),-6.134984382848217,True
427,ADAS (6),-7.708545553581413,True
428,ADAS (6),-4.970936110420426,False
429,ADAS (6),-7.293266525123784,True
430,ADAS (6),-17.61156992702624,True
431,ADAS (6),-7.3213956644887155,True
432,ADAS (6),-16.254410024216163,True
433,ADAS (6),-18.114867552522355,True
434,ADAS (6),-6.350074740614272,True
435,ADAS (6),-6.830048331184395,True
436,ADAS (6),-5.9269725999181375,True
437,ADAS (6),-20.838937857953855,True
438,ADAS (6),-16.53811422136414,True
439,ADAS (6),-7.5493317763515275,True
440,ADAS (6),-7.410759664409438,True
441,ADAS (6),-5.506349673118133,True
442,ADAS (6),-5.895261839302198,False
443,ADAS (6),-6.217331406611679,True
444,ADAS (6),-5.277338970811684,True
445,ADAS (6),-21.36556697660042,True
446,ADAS (6),-6.194735992583487,True
447,ADAS (6),-5.610362250125352,True
448,ADAS (6),-7.697191141273126,True
449,ADAS (6),-14.195351657559073,True
450,ADAS (6),-22.438781240138937,True
451,ADAS (6),-6.5018191718429295,True
452,ADAS (6),-6.64967540569637,True
453,ADAS (6),-5.42480355342753,True
454,ADAS (6),-5.130787125929371,True
455,ADAS (6),-6.910793200331852,True
456,ADAS (6),-4.201447899446301,True
457,ADAS (6),-21.30113614915501,True
458,ADAS (6),-15.421456326681223,True
459,ADAS (6),-16.145569123424217,True
460,ADAS (6),-8.10736441161596,True
461,ADAS (6),-7.125348902665176,True
462,ADAS (6),-26.801449905204585,True
463,ADAS (6),-6.6933910797753455,False
464,ADAS (6),-13.963169097487416,True
465,ADAS (6),-21.7029797239138,True
466,ADAS (6),-16.70880629965322,True
467,ADAS (6),-17.446139353967624,True
468,ADAS (6),-17.345158462863402,True
469,ADAS (6),-6.439688128658306,True
470,ADAS (6),-5.319000068371819,True
471,ADAS (6),-5.5609999379447235,True
472,ADAS (6),-15.356504702979372,True
473,ADAS (6),-3.467550610025647,True
474,ADAS (6),-7.1934591769798715,True
475,ADAS (6),-24.959694804246713,True
476,ADAS (6),-21.223418730292018,True
477,ADAS (6),-4.918036067893832,True
478,ADAS (6),-7.90602780639223,True
479,ADAS (6),-18.569772274485484,True
480,ADAS (6),-29.045823835305598,True
481,ADAS (6),-5.75363128542659,True
482,ADAS (6),-4.734024383648102,True
483,ADAS (6),-5.785607469720634,True
484,ADAS (6),-15.09659746276396,True
485,ADAS (6),-13.027923168877688,True
486,ADAS (6),-7.2927419886037965,False
487,ADAS (6),-5.79137015431856,True
488,ADAS (6),-23.266830215554183,True
489,ADAS (6),-5.122428948696336,False
490,ADAS (6),-22.30423764971482,True
491,ADAS (6),-6.092067543499496,True
492,ADAS (6),-3.494620966364985,False
493,ADAS (6),-7.618122957119735,True
494,ADAS (6),-6.454360476111461,False
495,ADAS (6),-26.41140983174781,True
496,ADAS (6),-6.062048232470832,True
497,ADAS (6),-24.820790667223644,True
498,ADAS (6),-18.813767581336606,True
499,ADAS (6),-18.853123665483068,True
0,HIP-GMI (7),0.5264101167131655,True
1,HIP-GMI (7),0.679753053834383,True
2,HIP-GMI (7),0.30171070877997735,True
3,HIP-GMI (7),0.371751476599551,True
4,HIP-GMI (7),0.4014805197507605,False
5,HIP-GMI (7),0.8973164471262685,True
6,HIP-GMI (7),0.6769855870698398,True
7,HIP-GMI (7),0.28436526118929506,True
8,HIP-GMI (7),0.22990319196030104,True
9,HIP-GMI (7),0.20384620372869322,True
10,HIP-GMI (7),0.6965534848402759,True
11,HIP-GMI (7),0.4566129675246373,True
12,HIP-GMI (7),0.4039877579070926,True
13,HIP-GMI (7),0.5150967244781137,True
14,HIP-GMI (7),-0.4001879347549044,True
15,HIP-GMI (7),0.46298841307313926,True
16,HIP-GMI (7),0.6401447981647346,True
17,HIP-GMI (7),0.4270635446437568,False
18,HIP-GMI (7),0.3769067692367893,True
19,HIP-GMI (7),0.3238059850935335,True
20,HIP-GMI (7),0.19269745474031508,True
21,HIP-GMI (7),0.5768884336761487,True
22,HIP-GMI (7),0.3628887268976449,True
23,HIP-GMI (7),0.6676986496228656,True
24,HIP-GMI (7),0.4249061153374208,True
25,HIP-GMI (7),0.35245711693833626,True
26,HIP-GMI (7),0.4793353320125542,False
27,HIP-GMI (7),-0.04183660789918686,True
28,HIP-GMI (7),0.21620461166379285,True
29,HIP-GMI (7),0.0675601638560242,True
30,HIP-GMI (7),0.10871077699744253,True
31,HIP-GMI (7),0.6786943579061966,True
32,HIP-GMI (7),0.38541627664426326,True
33,HIP-GMI (7),0.6611431448089137,False
34,HIP-GMI (7),0.10149273704086004,True
35,HIP-GMI (7),0.5813970305340157,True
36,HIP-GMI (7),0.593726116596459,True
37,HIP-GMI (7),0.2704835744872617,True
38,HIP-GMI (7),0.1952998420313394,True
39,HIP-GMI (7),0.42051982926958487,True
40,HIP-GMI (7),0.17609968040362106,True
41,HIP-GMI (7),0.444888460308292,True
42,HIP-GMI (7),0.5178537114125144,True
43,HIP-GMI (7),0.21827688959015726,True
44,HIP-GMI (7),0.07582613339248773,False
45,HIP-GMI (7),0.20074110988769434,True
46,HIP-GMI (7),0.24159153558332241,True
47,HIP-GMI (7),0.049574496331167506,True
48,HIP-GMI (7),0.5407980108531615,True
49,HIP-GMI (7),0.26735021027923733,True
50,HIP-GMI (7),-0.13620428892464204,True
51,HIP-GMI (7),0.4470824818806071,False
52,HIP-GMI (7),0.31618907534854346,True
53,HIP-GMI (7),0.06723825147635176,True
54,HIP-GMI (7),0.5478073807962235,True
55,HIP-GMI (7),0.1327181199308236,True
56,HIP-GMI (7),0.3153861251064137,True
57,HIP-GMI (7),-0.06717057897681766,True
58,HIP-GMI (7),0.39419821892197643,True
59,HIP-GMI (7),0.6224198810543569,True
60,HIP-GMI (7),0.025503597703307734,True
61,HIP-GMI (7),0.343729603166754,True
62,HIP-GMI (7),0.3747791708585827,True
63,HIP-GMI (7),0.39460714303424205,True
64,HIP-GMI (7),0.44837466032334083,True
65,HIP-GMI (7),-0.27303178177212956,True
66,HIP-GMI (7),-0.033146633894517386,True
67,HIP-GMI (7),0.11638409642187358,True
68,HIP-GMI (7),0.541174527413882,True
69,HIP-GMI (7),0.42307036265962755,False
70,HIP-GMI (7),0.33256234586363337,True
71,HIP-GMI (7),0.9046785218402851,True
72,HIP-GMI (7),0.24428242079535184,True
73,HIP-GMI (7),0.1482983125977012,True
74,HIP-GMI (7),0.1470602658851905,True
75,HIP-GMI (7),0.23832781660551666,True
76,HIP-GMI (7),0.18107890030260165,True
77,HIP-GMI (7),0.38201098016906176,True
78,HIP-GMI (7),0.33406169064992053,True
79,HIP-GMI (7),0.2574737760492737,True
80,HIP-GMI (7),0.39061619705974004,True
81,HIP-GMI (7),0.48858321830087253,True
82,HIP-GMI (7),0.7586885686074976,True
83,HIP-GMI (7),0.6241924174113381,True
84,HIP-GMI (7),0.7126724420666168,True
85,HIP-GMI (7),0.1029726526412389,True
86,HIP-GMI (7),0.5486561453605963,True
87,HIP-GMI (7),-0.20502799778270836,True
88,HIP-GMI (7),0.08584324863145343,True
89,HIP-GMI (7),0.7436947341557079,True
90,HIP-GMI (7),-0.25612424579423726,True
91,HIP-GMI (7),0.3049426775998355,True
92,HIP-GMI (7),0.4421434388173881,True
93,HIP-GMI (7),0.48309074436478755,True
94,HIP-GMI (7),0.22341456595070258,False
95,HIP-GMI (7),0.0639498633292187,True
96,HIP-GMI (7),0.38702077610377095,True
97,HIP-GMI (7),0.2747984092464718,True
98,HIP-GMI (7),-0.0338334207014202,True
99,HIP-GMI (7),0.1285850412503076,True
100,HIP-GMI (7),0.3394123870993346,True
101,HIP-GMI (7),0.4554869673601434,True
102,HIP-GMI (7),0.9260044850762656,True
103,HIP-GMI (7),0.2912298395471199,False
104,HIP-GMI (7),0.10174058616919562,True
105,HIP-GMI (7),0.4539578947805703,True
106,HIP-GMI (7),0.8217279046897814,True
107,HIP-GMI (7),0.44767133788809627,True
108,HIP-GMI (7),0.32427511717917096,True
109,HIP-GMI (7),-0.0813498796104502,True
110,HIP-GMI (7),0.508063308652925,True
111,HIP-GMI (7),0.31340787360422107,True
112,HIP-GMI (7),0.32652228363818303,True
113,HIP-GMI (7),0.4862050147045669,True
114,HIP-GMI (7),0.3854095409510791,True
115,HIP-GMI (7),0.4510156769926451,True
116,HIP-GMI (7),0.03899397146244854,True
117,HIP-GMI (7),0.44752047655832644,False
118,HIP-GMI (7),0.8427402029627178,True
119,HIP-GMI (7),0.20491679857747255,True
120,HIP-GMI (7),0.5040248494696816,True
121,HIP-GMI (7),-0.38641654933753017,True
122,HIP-GMI (7),0.6991512849013657,True
123,HIP-GMI (7),-0.2956810957886203,True
124,HIP-GMI (7),0.6404177905748083,True
125,HIP-GMI (7),0.3674041476833178,True
126,HIP-GMI (7),0.02754997688599542,True
127,HIP-GMI (7),0.36484224130561793,True
128,HIP-GMI (7),0.5666556436459301,True
129,HIP-GMI (7),0.1333993057656378,True
130,HIP-GMI (7),0.07578228840873263,True
131,HIP-GMI (7),0.46374905052476034,True
132,HIP-GMI (7),0.6314207161776217,True
133,HIP-GMI (7),0.718363463299679,False
134,HIP-GMI (7),0.0960226488651062,True
135,HIP-GMI (7),0.3422952746897101,True
136,HIP-GMI (7),0.2631111414463543,False
137,HIP-GMI (7),0.21920713000800812,True
138,HIP-GMI (7),0.490969453635487,True
139,HIP-GMI (7),0.5492882113983575,True
140,HIP-GMI (7),0.24669446530528866,True
141,HIP-GMI (7),0.7441655300172513,True
142,HIP-GMI (7),0.09025996565999994,True
143,HIP-GMI (7),0.25692827398899437,True
144,HIP-GMI (7),0.5273249392373206,True
145,HIP-GMI (7),0.47984190436230123,True
146,HIP-GMI (7),0.42150403671915276,True
147,HIP-GMI (7),0.43708243718975154,True
148,HIP-GMI (7),0.2666043202495463,True
149,HIP-GMI (7),-0.18967121253712965,True
150,HIP-GMI (7),0.42996735756060117,True
151,HIP-GMI (7),0.25125037196067557,True
152,HIP-GMI (7),0.7642129721414916,True
153,HIP-GMI (7),0.058548520869843246,False
154,HIP-GMI (7),0.3857087149689252,True
155,HIP-GMI (7),0.5851038478395805,True
156,HIP-GMI (7),0.23334004942260667,True
157,HIP-GMI (7),0.24106271590584075,True
158,HIP-GMI (7),0.28105943152416185,True
159,HIP-GMI (7),0.5073351711335465,True
160,HIP-GMI (7),0.8187685482726879,True
161,HIP-GMI (7),-0.5285070517119581,True
162,HIP-GMI (7),0.46535560169138324,False
163,HIP-GMI (7),0.40956390864808867,True
164,HIP-GMI (7),0.4324182965407583,True
165,HIP-GMI (7),0.6088532404060629,True
166,HIP-GMI (7),0.34743042622675624,True
167,HIP-GMI (7),0.22305676127081062,False
168,HIP-GMI (7),0.046712260295734664,False
169,HIP-GMI (7),0.12266003880394521,True
170,HIP-GMI (7),0.5409667129035302,True
171,HIP-GMI (7),0.5774245360420331,True
172,HIP-GMI (7),0.6842046965321968,True
173,HIP-GMI (7),0.2247294662675077,True
174,HIP-GMI (7),0.6454196565426009,False
175,HIP-GMI (7),0.11423400795608679,True
176,HIP-GMI (7),0.2367829645986358,False
177,HIP-GMI (7),0.5883052436477494,True
178,HIP-GMI (7),0.6661530138710825,True
179,HIP-GMI (7),0.8774496721933913,True
180,HIP-GMI (7),0.6058135040229866,True
181,HIP-GMI (7),0.6356229535913995,False
182,HIP-GMI (7),0.1262605477340326,True
183,HIP-GMI (7),0.42492989155101835,True
184,HIP-GMI (7),0.635878402868387,False
185,HIP-GMI (7),0.17347665745026114,True
186,HIP-GMI (7),0.40536497261398663,True
187,HIP-GMI (7),0.17344509927369328,True
188,HIP-GMI (7),0.5742364772473544,True
189,HIP-GMI (7),0.46081193564912076,True
190,HIP-GMI (7),0.7904472919735859,True
191,HIP-GMI (7),0.01437894827016889,True
192,HIP-GMI (7),-0.058781230316085786,True
193,HIP-GMI (7),0.18898323141240173,True
194,HIP-GMI (7),0.30323007753903786,True
195,HIP-GMI (7),0.15367100192731337,True
196,HIP-GMI (7),0.15624481360757453,True
197,HIP-GMI (7),0.2308560466579605,True
198,HIP-GMI (7),0.5383134356843169,True
199,HIP-GMI (7),0.4662537856354825,True
200,HIP-GMI (7),0.4374527481923297,False
201,HIP-GMI (7),0.409814137483249,True
202,HIP-GMI (7),0.12226324206951489,True
203,HIP-GMI (7),0.7873354265758555,True
204,HIP-GMI (7),0.43129265582510834,True
205,HIP-GMI (7),0.23027560142055964,True
206,HIP-GMI (7),-0.10580479306633117,True
207,HIP-GMI (7),0.606283786989971,True
208,HIP-GMI (7),-0.16237519142158546,True
209,HIP-GMI (7),0.7319151831208066,True
210,HIP-GMI (7),0.3353096238622963,True
211,HIP-GMI (7),0.47091592905695817,False
212,HIP-GMI (7),-0.013409545721434768,True
213,HIP-GMI (7),0.327795693270249,True
214,HIP-GMI (7),0.14746019464606153,True
215,HIP-GMI (7),0.5932695654532593,True
216,HIP-GMI (7),1.1300578746239915,True
217,HIP-GMI (7),0.17091876368633135,True
218,HIP-GMI (7),0.039389094819712867,True
219,HIP-GMI (7),0.29187513006041244,True
220,HIP-GMI (7),0.41927445429721316,True
221,HIP-GMI (7),0.4113964129403329,True
222,HIP-GMI (7),0.8323697749130888,True
223,HIP-GMI (7),0.4038977950065951,True
224,HIP-GMI (7),-0.06494156700879272,True
225,HIP-GMI (7),0.2381647574353166,True
226,HIP-GMI (7),0.2998953816494733,True
227,HIP-GMI (7),0.18294455442997926,True
228,HIP-GMI (7),-0.04982624933113733,True
229,HIP-GMI (7),0.41000645595786545,False
230,HIP-GMI (7),0.7745254422531991,True
231,HIP-GMI (7),0.4981583820492598,True
232,HIP-GMI (7),0.43060844910137636,True
233,HIP-GMI (7),-0.23191882426284194,True
234,HIP-GMI (7),0.04910862517933656,True
235,HIP-GMI (7),0.13776815734894965,True
236,HIP-GMI (7),0.1935971882430637,True
237,HIP-GMI (7),0.047963813904481845,True
238,HIP-GMI (7),0.36083598539213485,False
239,HIP-GMI (7),0.3057929928483042,True
240,HIP-GMI (7),0.668471076085684,True
241,HIP-GMI (7),0.6092482866151312,True
242,HIP-GMI (7),0.6532182644480873,True
243,HIP-GMI (7),0.04603763310025949,True
244,HIP-GMI (7),-0.16262113238593795,True
245,HIP-GMI (7),0.3358216101252171,True
246,HIP-GMI (7),0.5794240966825476,True
247,HIP-GMI (7),0.10670436287527157,True
248,HIP-GMI (7),0.10234900262394381,False
249,HIP-GMI (7),0.0847187595600421,True
250,HIP-GMI (7),-0.1626128922590544,True
251,HIP-GMI (7),0.47707319082800803,True
252,HIP-GMI (7),0.8376694077197239,False
253,HIP-GMI (7),0.24606210576410878,True
254,HIP-GMI (7),0.38429384120839594,True
255,HIP-GMI (7),0.42649143890647634,True
256,HIP-GMI (7),0.295223578538369,True
257,HIP-GMI (7),0.4889844465396342,False
258,HIP-GMI (7),0.8371024078793832,True
259,HIP-GMI (7),0.3173589852909337,True
260,HIP-GMI (7),0.2800070224020231,True
261,HIP-GMI (7),0.22384090179389213,True
262,HIP-GMI (7),0.7750936188116844,True
263,HIP-GMI (7),0.1292650253588306,True
264,HIP-GMI (7),0.2591642233158389,False
265,HIP-GMI (7),0.20228330719080334,True
266,HIP-GMI (7),-0.008418522744793877,True
267,HIP-GMI (7),0.7639894402482823,True
268,HIP-GMI (7),0.24375177316002397,True
269,HIP-GMI (7),0.17500800165330505,True
270,HIP-GMI (7),0.6274285795683248,True
271,HIP-GMI (7),0.6871235638960744,True
272,HIP-GMI (7),-0.0282945661335246,True
273,HIP-GMI (7),0.607459464033484,True
274,HIP-GMI (7),0.1940563879922402,True
275,HIP-GMI (7),0.5783037913557483,True
276,HIP-GMI (7),-0.00666428622962445,True
277,HIP-GMI (7),0.3444437343401415,True
278,HIP-GMI (7),0.7722823071167827,True
279,HIP-GMI (7),0.2932573528900504,False
280,HIP-GMI (7),0.22316199661747965,True
281,HIP-GMI (7),0.07071183168181355,True
282,HIP-GMI (7),0.43396087592968774,True
283,HIP-GMI (7),0.6517157850397863,True
284,HIP-GMI (7),0.6599970099570897,True
285,HIP-GMI (7),0.5983714559027453,True
286,HIP-GMI (7),-0.21824408644367593,True
287,HIP-GMI (7),0.38117148828324693,True
288,HIP-GMI (7),0.1899466035950894,True
289,HIP-GMI (7),0.35196312830488,True
290,HIP-GMI (7),0.4995680104187691,True
291,HIP-GMI (7),0.7548736814298984,True
292,HIP-GMI (7),0.21429815692019383,True
293,HIP-GMI (7),0.4674312132822278,False
294,HIP-GMI (7),0.12319102821058961,True
295,HIP-GMI (7),0.23138949758493726,True
296,HIP-GMI (7),-0.24251699269918925,True
297,HIP-GMI (7),0.5056202206297801,False
298,HIP-GMI (7),0.4868127619104373,True
299,HIP-GMI (7),0.26242815973543265,True
300,HIP-GMI (7),0.345837168564009,True
301,HIP-GMI (7),0.22313130777752904,True
302,HIP-GMI (7),0.4438327990668722,True
303,HIP-GMI (7),0.10134934779377919,True
304,HIP-GMI (7),0.2749360373404056,False
305,HIP-GMI (7),0.6781144073646488,True
306,HIP-GMI (7),0.044091486611798514,True
307,HIP-GMI (7),0.024753112527405197,True
308,HIP-GMI (7),0.2099259503458423,True
309,HIP-GMI (7),0.27524433597433223,True
310,HIP-GMI (7),0.38339163649739944,True
311,HIP-GMI (7),0.4556518051354931,True
312,HIP-GMI (7),0.46445979096001133,True
313,HIP-GMI (7),-0.06486489570299231,True
314,HIP-GMI (7),0.4306614910655467,True
315,HIP-GMI (7),0.6550776321236972,False
316,HIP-GMI (7),-0.2726525755494444,True
317,HIP-GMI (7),0.14034122266380372,True
318,HIP-GMI (7),0.3109015313157976,True
319,HIP-GMI (7),0.35836119068087136,True
320,HIP-GMI (7),0.24116823777236368,True
321,HIP-GMI (7),0.7293288380676701,True
322,HIP-GMI (7),0.3431235287535746,True
323,HIP-GMI (7),0.8870183531982627,True
324,HIP-GMI (7),0.09829770743080252,True
325,HIP-GMI (7),0.2120513230362404,True
326,HIP-GMI (7),0.045187370185725384,False
327,HIP-GMI (7),0.5264819641371445,False
328,HIP-GMI (7),0.5769630344038326,True
329,HIP-GMI (7),0.5839823052846732,True
330,HIP-GMI (7),0.41612101248606936,True
331,HIP-GMI (7),-0.19561695024650388,True
332,HIP-GMI (7),0.4017701388569487,True
333,HIP-GMI (7),0.08199736041863609,True
334,HIP-GMI (7),-0.06641804861574563,True
335,HIP-GMI (7),0.2249263802201435,True
336,HIP-GMI (7),0.05636664016765619,True
337,HIP-GMI (7),0.20250864524840695,True
338,HIP-GMI (7),0.16257907800780708,True
339,HIP-GMI (7),0.5296333584650186,True
340,HIP-GMI (7),0.6516993103209672,True
341,HIP-GMI (7),0.7534200596880674,True
342,HIP-GMI (7),0.666468997880157,True
343,HIP-GMI (7),0.3117156797449828,True
344,HIP-GMI (7),-0.17660409984721148,True
345,HIP-GMI (7),0.5647376376477182,True
346,HIP-GMI (7),0.468567958962286,True
347,HIP-GMI (7),0.3777491940775521,True
348,HIP-GMI (7),0.3914713311770436,True
349,HIP-GMI (7),0.8424152130479552,True
350,HIP-GMI (7),0.3639557790816602,True
351,HIP-GMI (7),0.206233102421135,True
352,HIP-GMI (7),0.17410210105582957,True
353,HIP-GMI (7),0.5117843281122714,True
354,HIP-GMI (7),0.3975000214920214,True
355,HIP-GMI (7),0.6803890830189869,True
356,HIP-GMI (7),0.6562077226235219,True
357,HIP-GMI (7),0.5557951837439684,True
358,HIP-GMI (7),0.5315032196766432,False
359,HIP-GMI (7),0.2967598576797814,True
360,HIP-GMI (7),0.3271412368161224,True
361,HIP-GMI (7),0.4679972030910737,True
362,HIP-GMI (7),0.5120441828737905,True
363,HIP-GMI (7),0.5702402891841724,True
364,HIP-GMI (7),0.3897708430947041,True
365,HIP-GMI (7),0.0503085374084315,True
366,HIP-GMI (7),0.22193242006856975,False
367,HIP-GMI (7),0.003687578265078262,True
368,HIP-GMI (7),0.44662720332074635,True
369,HIP-GMI (7),0.269233854463506,True
370,HIP-GMI (7),0.44168483150664517,True
371,HIP-GMI (7),-0.3025696367466543,True
372,HIP-GMI (7),0.44583395812855964,True
373,HIP-GMI (7),0.2744299865317458,True
374,HIP-GMI (7),0.46741102545539154,True
375,HIP-GMI (7),0.8195151408214248,True
376,HIP-GMI (7),0.5528195489714001,True
377,HIP-GMI (7),0.5471339747237626,True
378,HIP-GMI (7),0.48940522414243093,False
379,HIP-GMI (7),0.5664898505877765,True
380,HIP-GMI (7),0.3627249490376412,True
381,HIP-GMI (7),0.45893384335281856,True
382,HIP-GMI (7),0.35776636778811494,True
383,HIP-GMI (7),0.04810675311614243,True
384,HIP-GMI (7),0.05172720369273809,True
385,HIP-GMI (7),0.5788939589107835,True
386,HIP-GMI (7),0.5508422119244998,True
387,HIP-GMI (7),0.4069849956153984,False
388,HIP-GMI (7),0.46341896565430263,True
389,HIP-GMI (7),0.6442430586750885,True
390,HIP-GMI (7),0.25012920577997727,True
391,HIP-GMI (7),0.7121311504534329,True
392,HIP-GMI (7),0.4087681474769124,True
393,HIP-GMI (7),0.524111757912762,True
394,HIP-GMI (7),0.08372776909822843,True
395,HIP-GMI (7),0.7406611558321381,True
396,HIP-GMI (7),0.7102979517623389,False
397,HIP-GMI (7),0.6790385613447096,True
398,HIP-GMI (7),-0.11960756514771043,True
399,HIP-GMI (7),0.4782300021691347,True
400,HIP-GMI (7),0.3966815568566615,True
401,HIP-GMI (7),0.3896910133824082,False
402,HIP-GMI (7),0.7249816152206252,True
403,HIP-GMI (7),0.6268615770106,False
404,HIP-GMI (7),0.8628220906592352,True
405,HIP-GMI (7),0.7745921705246057,True
406,HIP-GMI (7),0.2939357707186486,True
407,HIP-GMI (7),0.5622916411030932,True
408,HIP-GMI (7),0.5789961571534583,False
409,HIP-GMI (7),0.12313660306654678,True
410,HIP-GMI (7),0.29620809602075093,True
411,HIP-GMI (7),0.8338540339309364,True
412,HIP-GMI (7),0.33955875333315577,True
413,HIP-GMI (7),0.46977056015938967,True
414,HIP-GMI (7),0.7320583846543058,True
415,HIP-GMI (7),0.737812701556491,True
416,HIP-GMI (7),0.11010428963531632,True
417,HIP-GMI (7),0.041799091603033356,True
418,HIP-GMI (7),0.46379827019353337,True
419,HIP-GMI (7),0.1981950144729393,True
420,HIP-GMI (7),0.025076585736958257,True
421,HIP-GMI (7),0.3139869800468803,True
422,HIP-GMI (7),1.0599539055272151,True
423,HIP-GMI (7),0.2845883636622254,True
424,HIP-GMI (7),-0.0099981676379709,True
425,HIP-GMI (7),-0.03335360802569248,True
426,HIP-GMI (7),0.7618676428998443,True
427,HIP-GMI (7),0.7285968998092663,True
428,HIP-GMI (7),0.25083769693723834,False
429,HIP-GMI (7),0.11473770302658948,True
430,HIP-GMI (7),0.4517363196497625,True
431,HIP-GMI (7),0.6539802813094701,True
432,HIP-GMI (7),0.017214963853411758,True
433,HIP-GMI (7),0.2971279842361305,True
434,HIP-GMI (7),0.09694274296306316,True
435,HIP-GMI (7),0.1214792746569105,True
436,HIP-GMI (7),0.2914637906914008,True
437,HIP-GMI (7),0.6034451792678608,True
438,HIP-GMI (7),0.737778609741838,True
439,HIP-GMI (7),0.46830757208401436,True
440,HIP-GMI (7),-0.03290968252140258,True
441,HIP-GMI (7),0.3636798577795662,True
442,HIP-GMI (7),0.08559924263773888,False
443,HIP-GMI (7),-0.1016802963030412,True
444,HIP-GMI (7),0.4211893244180572,True
445,HIP-GMI (7),0.20636264267297116,True
446,HIP-GMI (7),0.046481765341229775,True
447,HIP-GMI (7),0.36501789674096197,True
448,HIP-GMI (7),0.08155781680900404,True
449,HIP-GMI (7),0.5693849281933222,True
450,HIP-GMI (7),0.6951710167031777,True
451,HIP-GMI (7),0.5545692301041132,True
452,HIP-GMI (7),-0.1639511389523608,True
453,HIP-GMI (7),0.4501256238721196,True
454,HIP-GMI (7),0.8251122010592233,True
455,HIP-GMI (7),-0.04699047315544136,True
456,HIP-GMI (7),0.40064123836382537,True
457,HIP-GMI (7),0.5676353666992854,True
458,HIP-GMI (7),0.15359712152246452,True
459,HIP-GMI (7),0.21893005061931936,True
460,HIP-GMI (7),0.31341415393436767,True
461,HIP-GMI (7),0.35315846350542435,True
462,HIP-GMI (7),0.8649155194584086,True
463,HIP-GMI (7),0.17623384267642306,False
464,HIP-GMI (7),0.15910496880607383,True
465,HIP-GMI (7),0.6708434890153039,True
466,HIP-GMI (7),0.19555067797102219,True
467,HIP-GMI (7),-0.08200735768345979,True
468,HIP-GMI (7),0.12083804418898003,True
469,HIP-GMI (7),0.1348331693507659,True
470,HIP-GMI (7),-0.03315368151839926,True
471,HIP-GMI (7),0.7224603613306245,True
472,HIP-GMI (7),-0.5979648561760809,True
473,HIP-GMI (7),0.22655579012462784,True
474,HIP-GMI (7),0.024634799046840627,True
475,HIP-GMI (7),-0.2434083597780315,True
476,HIP-GMI (7),0.7777174857853786,True
477,HIP-GMI (7),0.18029401928880548,True
478,HIP-GMI (7),0.6897350382190977,True
479,HIP-GMI (7),0.8142810257468598,True
480,HIP-GMI (7),-0.09585276839656937,True
481,HIP-GMI (7),0.28450387202662375,True
482,HIP-GMI (7),0.22548536517871068,True
483,HIP-GMI (7),0.6324432849069112,True
484,HIP-GMI (7),0.4385325540074946,True
485,HIP-GMI (7),0.3754242390123826,True
486,HIP-GMI (7),0.5932865075537779,False
487,HIP-GMI (7),0.6438179061787672,True
488,HIP-GMI (7),0.5102396746273845,True
489,HIP-GMI (7),0.3168552116299981,False
490,HIP-GMI (7),0.20570076191027178,True
491,HIP-GMI (7),0.5835135685708193,True
492,HIP-GMI (7),-0.12473568702085036,False
493,HIP-GMI (7),0.3255395924753139,True
494,HIP-GMI (7),0.44631879369628386,False
495,HIP-GMI (7),0.5345056212193404,True
496,HIP-GMI (7),0.5446560247940471,True
497,HIP-GMI (7),-0.5909726934539936,True
498,HIP-GMI (7),-0.053956492873865,True
499,HIP-GMI (7),-0.394816652737404,True
0,AVLT-Sum (8),49.39128313965523,True
1,AVLT-Sum (8),35.959368134371175,True
2,AVLT-Sum (8),36.54684005945361,True
3,AVLT-Sum (8),23.315740783597487,True
4,AVLT-Sum (8),49.36554084496125,False
5,AVLT-Sum (8),22.981564766510658,True
6,AVLT-Sum (8),30.043153927018693,True
7,AVLT-Sum (8),19.31222632575187,True
8,AVLT-Sum (8),33.871521378269634,True
9,AVLT-Sum (8),28.88399641433161,True
10,AVLT-Sum (8),65.10415951410656,True
11,AVLT-Sum (8),53.366569649453915,True
12,AVLT-Sum (8),51.683234502493605,True
13,AVLT-Sum (8),49.90042746495028,True
14,AVLT-Sum (8),25.309294238310105,True
15,AVLT-Sum (8),26.95252346288916,True
16,AVLT-Sum (8),36.01860047417542,True
17,AVLT-Sum (8),29.36095593364785,False
18,AVLT-Sum (8),36.55782864652706,True
19,AVLT-Sum (8),13.651916234394928,True
20,AVLT-Sum (8),39.94307537977669,True
21,AVLT-Sum (8),40.6487645042238,True
22,AVLT-Sum (8),31.47077094188603,True
23,AVLT-Sum (8),28.356540689432762,True
24,AVLT-Sum (8),20.23645354601081,True
25,AVLT-Sum (8),24.265478138991515,True
26,AVLT-Sum (8),50.57779063511619,False
27,AVLT-Sum (8),15.159014601991693,True
28,AVLT-Sum (8),40.040283738056004,True
29,AVLT-Sum (8),16.789392659730098,True
30,AVLT-Sum (8),67.70997323307517,True
31,AVLT-Sum (8),25.343782518254493,True
32,AVLT-Sum (8),21.47179146167469,True
33,AVLT-Sum (8),16.93496318555415,False
34,AVLT-Sum (8),16.13116855220425,True
35,AVLT-Sum (8),24.194519453858764,True
36,AVLT-Sum (8),20.54948611200184,True
37,AVLT-Sum (8),27.17957740711352,True
38,AVLT-Sum (8),54.80283309723726,True
39,AVLT-Sum (8),26.41557830810941,True
40,AVLT-Sum (8),73.15494321066043,True
41,AVLT-Sum (8),45.09179281946051,True
42,AVLT-Sum (8),19.474667546506602,True
43,AVLT-Sum (8),30.00093208001661,True
44,AVLT-Sum (8),35.41631983927949,False
45,AVLT-Sum (8),20.278976012624554,True
46,AVLT-Sum (8),51.8440182702367,True
47,AVLT-Sum (8),60.400854551175,True
48,AVLT-Sum (8),36.12850184653215,True
49,AVLT-Sum (8),46.74838173400009,True
50,AVLT-Sum (8),38.09351273277974,True
51,AVLT-Sum (8),24.685815604745933,False
52,AVLT-Sum (8),24.08716403560141,True
53,AVLT-Sum (8),21.41217782655029,True
54,AVLT-Sum (8),16.79174091728106,True
55,AVLT-Sum (8),47.32388395100257,True
56,AVLT-Sum (8),44.24411959578732,True
57,AVLT-Sum (8),54.67282735580807,True
58,AVLT-Sum (8),25.853314622153558,True
59,AVLT-Sum (8),25.8807046883079,True
60,AVLT-Sum (8),26.978660880351967,True
61,AVLT-Sum (8),11.455016631186112,True
62,AVLT-Sum (8),45.78476188396896,True
63,AVLT-Sum (8),57.607352032359415,True
64,AVLT-Sum (8),15.992849734083562,True
65,AVLT-Sum (8),28.32482122426137,True
66,AVLT-Sum (8),28.655746095663837,True
67,AVLT-Sum (8),38.36968616094544,True
68,AVLT-Sum (8),33.92457456480825,True
69,AVLT-Sum (8),28.748198968599937,False
70,AVLT-Sum (8),58.69205064348053,True
71,AVLT-Sum (8),59.79422332438072,True
72,AVLT-Sum (8),19.69570917080713,True
73,AVLT-Sum (8),22.34005926897503,True
74,AVLT-Sum (8),60.761319106527,True
75,AVLT-Sum (8),69.04372022415461,True
76,AVLT-Sum (8),56.84933362594955,True
77,AVLT-Sum (8),37.68874312518714,True
78,AVLT-Sum (8),52.70131691595803,True
79,AVLT-Sum (8),30.251079864681426,True
80,AVLT-Sum (8),33.495784059956975,True
81,AVLT-Sum (8),55.88011370973949,True
82,AVLT-Sum (8),27.406545287957762,True
83,AVLT-Sum (8),48.65414262547328,True
84,AVLT-Sum (8),38.2506942670558,True
85,AVLT-Sum (8),20.116316086233233,True
86,AVLT-Sum (8),67.94707263721241,True
87,AVLT-Sum (8),23.031741800656416,True
88,AVLT-Sum (8),0.7608908605154845,True
89,AVLT-Sum (8),27.937873989648622,True
90,AVLT-Sum (8),31.41935645159723,True
91,AVLT-Sum (8),29.654986757116063,True
92,AVLT-Sum (8),17.812995460199616,True
93,AVLT-Sum (8),51.659120131331115,True
94,AVLT-Sum (8),48.12822560866583,False
95,AVLT-Sum (8),24.043518216228335,True
96,AVLT-Sum (8),32.24252995467095,True
97,AVLT-Sum (8),61.408959083883985,True
98,AVLT-Sum (8),58.12500749477243,True
99,AVLT-Sum (8),6.829565386903706,True
100,AVLT-Sum (8),38.278577870990645,True
101,AVLT-Sum (8),25.594590281374103,True
102,AVLT-Sum (8),58.03905611689781,True
103,AVLT-Sum (8),9.96730315948627,False
104,AVLT-Sum (8),66.18996466237087,True
105,AVLT-Sum (8),32.99951817456622,True
106,AVLT-Sum (8),32.182879148231194,True
107,AVLT-Sum (8),14.733020641665604,True
108,AVLT-Sum (8),20.987059988252813,True
109,AVLT-Sum (8),31.787123101086614,True
110,AVLT-Sum (8),68.51356501607673,True
111,AVLT-Sum (8),37.90007981679243,True
112,AVLT-Sum (8),38.31896603763973,True
113,AVLT-Sum (8),32.9108979301256,True
114,AVLT-Sum (8),45.69600217963846,True
115,AVLT-Sum (8),15.162092323106734,True
116,AVLT-Sum (8),50.934214515016876,True
117,AVLT-Sum (8),11.05862839036054,False
118,AVLT-Sum (8),56.23659605417329,True
119,AVLT-Sum (8),53.130617695906345,True
120,AVLT-Sum (8),52.91161942282027,True
121,AVLT-Sum (8),31.734818836901226,True
122,AVLT-Sum (8),71.77261481680537,True
123,AVLT-Sum (8),14.636614150565197,True
124,AVLT-Sum (8),11.95515147001857,True
125,AVLT-Sum (8),24.704098264040567,True
126,AVLT-Sum (8),25.184172088560274,True
127,AVLT-Sum (8),42.09242237357047,True
128,AVLT-Sum (8),34.21426461522665,True
129,AVLT-Sum (8),98.7335786267093,True
130,AVLT-Sum (8),39.545518814919305,True
131,AVLT-Sum (8),22.531271757618953,True
132,AVLT-Sum (8),17.1432375652925,True
133,AVLT-Sum (8),40.132639282394834,False
134,AVLT-Sum (8),39.97114873214176,True
135,AVLT-Sum (8),64.55160785526115,True
136,AVLT-Sum (8),45.98071301667201,False
137,AVLT-Sum (8),34.80057173950004,True
138,AVLT-Sum (8),23.678217119734633,True
139,AVLT-Sum (8),24.274030483417974,True
140,AVLT-Sum (8),17.964843844255384,True
141,AVLT-Sum (8),82.54401384222339,True
142,AVLT-Sum (8),42.91791031279532,True
143,AVLT-Sum (8),12.280358400495448,True
144,AVLT-Sum (8),8.696355439077836,True
145,AVLT-Sum (8),49.37097978861874,True
146,AVLT-Sum (8),27.089181498766596,True
147,AVLT-Sum (8),47.37875514854239,True
148,AVLT-Sum (8),11.3662978074243,True
149,AVLT-Sum (8),21.585192084243037,True
150,AVLT-Sum (8),38.76851670050104,True
151,AVLT-Sum (8),17.52999827536586,True
152,AVLT-Sum (8),31.178190612497673,True
153,AVLT-Sum (8),42.7264633780213,False
154,AVLT-Sum (8),17.94909308564611,True
155,AVLT-Sum (8),64.36206421350093,True
156,AVLT-Sum (8),10.56365126120281,True
157,AVLT-Sum (8),45.048389768950685,True
158,AVLT-Sum (8),36.409544597689184,True
159,AVLT-Sum (8),27.37332799434926,True
160,AVLT-Sum (8),49.198392231665224,True
161,AVLT-Sum (8),16.9671621414607,True
162,AVLT-Sum (8),56.932064586057855,False
163,AVLT-Sum (8),20.672520862320592,True
164,AVLT-Sum (8),10.979678438639162,True
165,AVLT-Sum (8),31.874047755535788,True
166,AVLT-Sum (8),32.77420463820011,True
167,AVLT-Sum (8),44.06378261189014,False
168,AVLT-Sum (8),28.18810541034111,False
169,AVLT-Sum (8),12.39798433331227,True
170,AVLT-Sum (8),51.13578072764261,True
171,AVLT-Sum (8),37.27790409279895,True
172,AVLT-Sum (8),21.12612385217792,True
173,AVLT-Sum (8),18.404924158050065,True
174,AVLT-Sum (8),38.41078171661671,False
175,AVLT-Sum (8),39.7432660536304,True
176,AVLT-Sum (8),52.092334317386054,False
177,AVLT-Sum (8),52.400528370876145,True
178,AVLT-Sum (8),19.257874616270506,True
179,AVLT-Sum (8),28.350767808652922,True
180,AVLT-Sum (8),7.727949657968967,True
181,AVLT-Sum (8),58.108350681399955,False
182,AVLT-Sum (8),33.93205084428717,True
183,AVLT-Sum (8),44.66361444272521,True
184,AVLT-Sum (8),32.881323601711735,False
185,AVLT-Sum (8),60.26597489556495,True
186,AVLT-Sum (8),26.763093132631173,True
187,AVLT-Sum (8),23.57772679630945,True
188,AVLT-Sum (8),49.36674800390666,True
189,AVLT-Sum (8),57.69626004886108,True
190,AVLT-Sum (8),37.33799313094414,True
191,AVLT-Sum (8),37.04937436236814,True
192,AVLT-Sum (8),18.801950046405242,True
193,AVLT-Sum (8),29.716233599310804,True
194,AVLT-Sum (8),34.18577988596618,True
195,AVLT-Sum (8),27.26612971677367,True
196,AVLT-Sum (8),18.175182242665166,True
197,AVLT-Sum (8),15.468033629752597,True
198,AVLT-Sum (8),49.66182285451058,True
199,AVLT-Sum (8),48.54956536995124,True
200,AVLT-Sum (8),46.68626540142797,False
201,AVLT-Sum (8),41.98448752678489,True
202,AVLT-Sum (8),17.67564584229595,True
203,AVLT-Sum (8),20.143377414417095,True
204,AVLT-Sum (8),19.26246404490078,True
205,AVLT-Sum (8),40.33217770612631,True
206,AVLT-Sum (8),19.981443453714597,True
207,AVLT-Sum (8),19.735817331032695,True
208,AVLT-Sum (8),29.425686033426416,True
209,AVLT-Sum (8),66.44557564374236,True
210,AVLT-Sum (8),65.5013648644429,True
211,AVLT-Sum (8),55.997863282093725,False
212,AVLT-Sum (8),33.44970858278334,True
213,AVLT-Sum (8),53.22857903750716,True
214,AVLT-Sum (8),21.122835031071286,True
215,AVLT-Sum (8),54.77503944217396,True
216,AVLT-Sum (8),27.748081594146306,True
217,AVLT-Sum (8),48.040498321121206,True
218,AVLT-Sum (8),16.47937633971655,True
219,AVLT-Sum (8),18.041753759732096,True
220,AVLT-Sum (8),64.03570736922777,True
221,AVLT-Sum (8),32.72209803821109,True
222,AVLT-Sum (8),70.29832219125124,True
223,AVLT-Sum (8),22.55285544188274,True
224,AVLT-Sum (8),66.86306348768017,True
225,AVLT-Sum (8),39.128833259055874,True
226,AVLT-Sum (8),17.80416055804894,True
227,AVLT-Sum (8),36.37843053466971,True
228,AVLT-Sum (8),16.828181229983045,True
229,AVLT-Sum (8),45.31380581269042,False
230,AVLT-Sum (8),66.28348167311104,True
231,AVLT-Sum (8),31.316182684214873,True
232,AVLT-Sum (8),55.4091411550699,True
233,AVLT-Sum (8),43.1127681603244,True
234,AVLT-Sum (8),28.38904137947806,True
235,AVLT-Sum (8),11.218150928105782,True
236,AVLT-Sum (8),49.49621010275192,True
237,AVLT-Sum (8),36.30525042904569,True
238,AVLT-Sum (8),28.273129278084856,False
239,AVLT-Sum (8),53.974805223694986,True
240,AVLT-Sum (8),44.65301601261413,True
241,AVLT-Sum (8),31.81612328363377,True
242,AVLT-Sum (8),20.260860148432332,True
243,AVLT-Sum (8),11.90902409808001,True
244,AVLT-Sum (8),32.45852449358125,True
245,AVLT-Sum (8),42.23217214488791,True
246,AVLT-Sum (8),51.04108049032183,True
247,AVLT-Sum (8),27.690107611584892,True
248,AVLT-Sum (8),49.121168642269765,False
249,AVLT-Sum (8),50.47122304685846,True
250,AVLT-Sum (8),59.53572316866861,True
251,AVLT-Sum (8),58.14218394085098,True
252,AVLT-Sum (8),23.485224457341815,False
253,AVLT-Sum (8),24.69358423203533,True
254,AVLT-Sum (8),54.590839158762364,True
255,AVLT-Sum (8),61.37435862672523,True
256,AVLT-Sum (8),68.02239524259531,True
257,AVLT-Sum (8),23.33176307537232,False
258,AVLT-Sum (8),41.93419973237808,True
259,AVLT-Sum (8),15.836688021291126,True
260,AVLT-Sum (8),57.738216275435825,True
261,AVLT-Sum (8),41.8209180923834,True
262,AVLT-Sum (8),46.90530662055876,True
263,AVLT-Sum (8),46.46060531714555,True
264,AVLT-Sum (8),42.055636947908305,False
265,AVLT-Sum (8),44.24469031179906,True
266,AVLT-Sum (8),31.612502294338654,True
267,AVLT-Sum (8),46.23050997188224,True
268,AVLT-Sum (8),21.475342835181586,True
269,AVLT-Sum (8),63.98449923141257,True
270,AVLT-Sum (8),43.73264354437818,True
271,AVLT-Sum (8),55.15534816102331,True
272,AVLT-Sum (8),33.04745880551822,True
273,AVLT-Sum (8),49.242977128581906,True
274,AVLT-Sum (8),18.74915980136906,True
275,AVLT-Sum (8),20.13922374630857,True
276,AVLT-Sum (8),49.84855000881956,True
277,AVLT-Sum (8),28.301797590329038,True
278,AVLT-Sum (8),35.1778392659857,True
279,AVLT-Sum (8),21.757250151857402,False
280,AVLT-Sum (8),22.74729948644332,True
281,AVLT-Sum (8),35.00931827476932,True
282,AVLT-Sum (8),12.037800810232472,True
283,AVLT-Sum (8),60.17714265946654,True
284,AVLT-Sum (8),56.77723646265946,True
285,AVLT-Sum (8),73.56793177354467,True
286,AVLT-Sum (8),56.803436543370964,True
287,AVLT-Sum (8),57.58844150708058,True
288,AVLT-Sum (8),24.476738739640428,True
289,AVLT-Sum (8),50.131406656788016,True
290,AVLT-Sum (8),19.556466429548788,True
291,AVLT-Sum (8),46.081590398257475,True
292,AVLT-Sum (8),16.95414132631891,True
293,AVLT-Sum (8),24.561233069246985,False
294,AVLT-Sum (8),20.523990736392093,True
295,AVLT-Sum (8),19.6848769871291,True
296,AVLT-Sum (8),32.75513402305641,True
297,AVLT-Sum (8),33.91439810355685,False
298,AVLT-Sum (8),14.933318392255423,True
299,AVLT-Sum (8),40.0724847628451,True
300,AVLT-Sum (8),50.68863277720021,True
301,AVLT-Sum (8),49.14833234037059,True
302,AVLT-Sum (8),44.70869894687837,True
303,AVLT-Sum (8),42.987198836706206,True
304,AVLT-Sum (8),61.01608966583151,False
305,AVLT-Sum (8),21.579333413706976,True
306,AVLT-Sum (8),38.365900992944006,True
307,AVLT-Sum (8),23.932611365791466,True
308,AVLT-Sum (8),21.51015308745207,True
309,AVLT-Sum (8),27.141174022583286,True
310,AVLT-Sum (8),46.52136949398596,True
311,AVLT-Sum (8),29.638782627572297,True
312,AVLT-Sum (8),37.861516107217426,True
313,AVLT-Sum (8),13.00491167273957,True
314,AVLT-Sum (8),79.37991505948588,True
315,AVLT-Sum (8),48.275070958466266,False
316,AVLT-Sum (8),34.369827339582194,True
317,AVLT-Sum (8),39.75558341002455,True
318,AVLT-Sum (8),15.950818318611462,True
319,AVLT-Sum (8),15.243209200379088,True
320,AVLT-Sum (8),34.46740044624609,True
321,AVLT-Sum (8),25.421065873866766,True
322,AVLT-Sum (8),34.575394110491395,True
323,AVLT-Sum (8),14.99091997468442,True
324,AVLT-Sum (8),22.913969937880843,True
325,AVLT-Sum (8),50.30505463638692,True
326,AVLT-Sum (8),27.44019325843556,False
327,AVLT-Sum (8),53.780214557377,False
328,AVLT-Sum (8),35.459409244982275,True
329,AVLT-Sum (8),59.35995176120192,True
330,AVLT-Sum (8),44.81277939730805,True
331,AVLT-Sum (8),11.302102113460679,True
332,AVLT-Sum (8),6.970411410991893,True
333,AVLT-Sum (8),22.449320721840355,True
334,AVLT-Sum (8),46.49273324732055,True
335,AVLT-Sum (8),56.49313196816767,True
336,AVLT-Sum (8),58.87890702685263,True
337,AVLT-Sum (8),22.332672488590262,True
338,AVLT-Sum (8),59.72532311009611,True
339,AVLT-Sum (8),46.50904617505625,True
340,AVLT-Sum (8),19.62591805675269,True
341,AVLT-Sum (8),14.95841754517269,True
342,AVLT-Sum (8),31.89843636940435,True
343,AVLT-Sum (8),55.31088347051882,True
344,AVLT-Sum (8),34.08846142837338,True
345,AVLT-Sum (8),54.764029226994516,True
346,AVLT-Sum (8),18.639465835338367,True
347,AVLT-Sum (8),63.51877268257856,True
348,AVLT-Sum (8),54.17802235171426,True
349,AVLT-Sum (8),43.27310094194184,True
350,AVLT-Sum (8),3.3507716278585917,True
351,AVLT-Sum (8),32.57340040314088,True
352,AVLT-Sum (8),50.07705592486583,True
353,AVLT-Sum (8),53.79664461631845,True
354,AVLT-Sum (8),40.32579499315806,True
355,AVLT-Sum (8),18.314658079657825,True
356,AVLT-Sum (8),37.11902017521148,True
357,AVLT-Sum (8),17.780032827419813,True
358,AVLT-Sum (8),23.708169100176534,False
359,AVLT-Sum (8),24.664882716745716,True
360,AVLT-Sum (8),32.447419173829424,True
361,AVLT-Sum (8),25.868865814219276,True
362,AVLT-Sum (8),40.83475522521768,True
363,AVLT-Sum (8),27.661891658975804,True
364,AVLT-Sum (8),33.3912787141995,True
365,AVLT-Sum (8),56.26532070098622,True
366,AVLT-Sum (8),32.60910275716939,False
367,AVLT-Sum (8),37.95407277564535,True
368,AVLT-Sum (8),38.58496351198115,True
369,AVLT-Sum (8),47.5397713491793,True
370,AVLT-Sum (8),43.84910710145706,True
371,AVLT-Sum (8),23.657657297628226,True
372,AVLT-Sum (8),27.045171804026747,True
373,AVLT-Sum (8),19.66551924017589,True
374,AVLT-Sum (8),25.69036905204562,True
375,AVLT-Sum (8),34.51727332494559,True
376,AVLT-Sum (8),30.301205083776544,True
377,AVLT-Sum (8),41.780756317639835,True
378,AVLT-Sum (8),17.636493583869417,False
379,AVLT-Sum (8),60.52406888633836,True
380,AVLT-Sum (8),52.79828566135593,True
381,AVLT-Sum (8),25.939372226993306,True
382,AVLT-Sum (8),60.15135043465335,True
383,AVLT-Sum (8),12.665130440001118,True
384,AVLT-Sum (8),12.26290209923549,True
385,AVLT-Sum (8),47.113804007037814,True
386,AVLT-Sum (8),39.14135149272161,True
387,AVLT-Sum (8),32.933902404088315,False
388,AVLT-Sum (8),52.004664544865896,True
389,AVLT-Sum (8),31.006921274549516,True
390,AVLT-Sum (8),18.328516990573803,True
391,AVLT-Sum (8),48.22480716891881,True
392,AVLT-Sum (8),20.95103009576632,True
393,AVLT-Sum (8),47.222281453344245,True
394,AVLT-Sum (8),25.84405904038851,True
395,AVLT-Sum (8),48.89301821742527,True
396,AVLT-Sum (8),35.793016201655455,False
397,AVLT-Sum (8),49.3462919329982,True
398,AVLT-Sum (8),46.144425835146464,True
399,AVLT-Sum (8),13.482545115853341,True
400,AVLT-Sum (8),27.958792990331553,True
401,AVLT-Sum (8),58.928684716470705,False
402,AVLT-Sum (8),43.831746634766816,True
403,AVLT-Sum (8),37.19163108444507,False
404,AVLT-Sum (8),40.627780332841795,True
405,AVLT-Sum (8),25.341871261297193,True
406,AVLT-Sum (8),73.68599282439264,True
407,AVLT-Sum (8),39.92448499105053,True
408,AVLT-Sum (8),27.056527129667252,False
409,AVLT-Sum (8),25.07095110725258,True
410,AVLT-Sum (8),42.15415292665856,True
411,AVLT-Sum (8),42.93007916517223,True
412,AVLT-Sum (8),24.115887426905903,True
413,AVLT-Sum (8),51.82257333088944,True
414,AVLT-Sum (8),62.97607975020449,True
415,AVLT-Sum (8),26.730824910135922,True
416,AVLT-Sum (8),29.064882721868102,True
417,AVLT-Sum (8),37.31918180794658,True
418,AVLT-Sum (8),54.17076178462495,True
419,AVLT-Sum (8),45.800694827206186,True
420,AVLT-Sum (8),54.09461063328922,True
421,AVLT-Sum (8),21.539171867789975,True
422,AVLT-Sum (8),23.47460239264884,True
423,AVLT-Sum (8),19.00065979866039,True
424,AVLT-Sum (8),30.243955822447347,True
425,AVLT-Sum (8),21.87618446904161,True
426,AVLT-Sum (8),61.62874424560938,True
427,AVLT-Sum (8),21.43572427456994,True
428,AVLT-Sum (8),52.19650228254088,False
429,AVLT-Sum (8),36.790361359996396,True
430,AVLT-Sum (8),23.17476383497331,True
431,AVLT-Sum (8),55.92761159455426,True
432,AVLT-Sum (8),31.842613615188867,True
433,AVLT-Sum (8),25.868166794204022,True
434,AVLT-Sum (8),38.59101298076048,True
435,AVLT-Sum (8),33.92431461425423,True
436,AVLT-Sum (8),46.63253389105652,True
437,AVLT-Sum (8),69.46981688580821,True
438,AVLT-Sum (8),45.32377356280231,True
439,AVLT-Sum (8),41.99437716364809,True
440,AVLT-Sum (8),53.893742288918496,True
441,AVLT-Sum (8),45.555431250607754,True
442,AVLT-Sum (8),13.25221649061114,False
443,AVLT-Sum (8),31.854008802203932,True
444,AVLT-Sum (8),50.76084347086012,True
445,AVLT-Sum (8),12.835503024378516,True
446,AVLT-Sum (8),25.70582425038001,True
447,AVLT-Sum (8),31.421826988113843,True
448,AVLT-Sum (8),25.09097229848178,True
449,AVLT-Sum (8),45.559028728776745,True
450,AVLT-Sum (8),30.457704379762355,True
451,AVLT-Sum (8),38.316461614210915,True
452,AVLT-Sum (8),34.58150813608617,True
453,AVLT-Sum (8),26.188427971025398,True
454,AVLT-Sum (8),42.82037552190138,True
455,AVLT-Sum (8),34.386820093081575,True
456,AVLT-Sum (8),2.552001726105651,True
457,AVLT-Sum (8),56.19566090923852,True
458,AVLT-Sum (8),20.83069575322013,True
459,AVLT-Sum (8),12.802149038538762,True
460,AVLT-Sum (8),41.23491487467094,True
461,AVLT-Sum (8),43.25328515598749,True
462,AVLT-Sum (8),4.524154069955335,True
463,AVLT-Sum (8),25.852728259622975,False
464,AVLT-Sum (8),13.96243946680712,True
465,AVLT-Sum (8),55.94466034157476,True
466,AVLT-Sum (8),27.392184135665374,True
467,AVLT-Sum (8),20.891272146405548,True
468,AVLT-Sum (8),57.92791439096375,True
469,AVLT-Sum (8),38.59725912760086,True
470,AVLT-Sum (8),22.202573022281715,True
471,AVLT-Sum (8),37.66067072925919,True
472,AVLT-Sum (8),56.99037948939186,True
473,AVLT-Sum (8),34.15370908898971,True
474,AVLT-Sum (8),48.93550480208109,True
475,AVLT-Sum (8),14.913841759837174,True
476,AVLT-Sum (8),36.68232906467236,True
477,AVLT-Sum (8),35.284109208574904,True
478,AVLT-Sum (8),42.34111854819252,True
479,AVLT-Sum (8),23.20354432785149,True
480,AVLT-Sum (8),68.88654159521067,True
481,AVLT-Sum (8),45.128367381200576,True
482,AVLT-Sum (8),55.76905783533912,True
483,AVLT-Sum (8),57.77607048522927,True
484,AVLT-Sum (8),19.30513702651681,True
485,AVLT-Sum (8),18.815433706923848,True
486,AVLT-Sum (8),41.75977824268272,False
487,AVLT-Sum (8),50.84521480636547,True
488,AVLT-Sum (8),47.734246400020325,True
489,AVLT-Sum (8),76.28725857144386,False
490,AVLT-Sum (8),21.596524776988435,True
491,AVLT-Sum (8),35.44501278593212,True
492,AVLT-Sum (8),41.43794655017758,False
493,AVLT-Sum (8),29.74607291985985,True
494,AVLT-Sum (8),45.52093821527627,False
495,AVLT-Sum (8),19.203205627841818,True
496,AVLT-Sum (8),57.25102538442064,True
497,AVLT-Sum (8),23.019369602964616,True
498,AVLT-Sum (8),4.542954637572146,True
499,AVLT-Sum (8),33.31773062048375,True
0,FUS-GMI (9),0.6429332605161372,True
1,FUS-GMI (9),0.5585033081369202,True
2,FUS-GMI (9),0.7027294211350235,True
3,FUS-GMI (9),0.47363457702552153,True
4,FUS-GMI (9),0.570132682817412,False
5,FUS-GMI (9),0.43734475252531585,True
6,FUS-GMI (9),0.4737780761294308,True
7,FUS-GMI (9),0.6718280935409792,True
8,FUS-GMI (9),0.686568722146489,True
9,FUS-GMI (9),0.6027813951357159,True
10,FUS-GMI (9),0.5448891606175058,True
11,FUS-GMI (9),0.6080640477444562,True
12,FUS-GMI (9),0.49960148284559036,True
13,FUS-GMI (9),0.4657815018993951,True
14,FUS-GMI (9),0.4389437185309845,True
15,FUS-GMI (9),0.6161335231426147,True
16,FUS-GMI (9),0.6377613249420095,True
17,FUS-GMI (9),0.7416088051918548,False
18,FUS-GMI (9),0.6002534844301529,True
19,FUS-GMI (9),0.5192051456279211,True
20,FUS-GMI (9),0.540297842999304,True
21,FUS-GMI (9),0.6004990768071856,True
22,FUS-GMI (9),0.5570484483871554,True
23,FUS-GMI (9),0.5372669532007328,True
24,FUS-GMI (9),0.4110145636377547,True
25,FUS-GMI (9),0.6414781870691451,True
26,FUS-GMI (9),0.6445058543340452,False
27,FUS-GMI (9),0.62511056835647,True
28,FUS-GMI (9),0.49685272270836145,True
29,FUS-GMI (9),0.47628979615359546,True
30,FUS-GMI (9),0.5288659050092311,True
31,FUS-GMI (9),0.6129902650731981,True
32,FUS-GMI (9),0.6134820677559747,True
33,FUS-GMI (9),0.5573515054109498,False
34,FUS-GMI (9),0.552067290589427,True
35,FUS-GMI (9),0.5599752576317599,True
36,FUS-GMI (9),0.6321749459728814,True
37,FUS-GMI (9),0.6421929973702911,True
38,FUS-GMI (9),0.5566533348447686,True
39,FUS-GMI (9),0.5443769249245837,True
40,FUS-GMI (9),0.6927464676463564,True
41,FUS-GMI (9),0.5774412101739862,True
42,FUS-GMI (9),0.49977132324196966,True
43,FUS-GMI (9),0.6502804948937095,True
44,FUS-GMI (9),0.6194522712119035,False
45,FUS-GMI (9),0.5015589684211114,True
46,FUS-GMI (9),0.6457285689608274,True
47,FUS-GMI (9),0.48724645047788107,True
48,FUS-GMI (9),0.6274905362907205,True
49,FUS-GMI (9),0.602948452812589,True
50,FUS-GMI (9),0.5831294449499053,True
51,FUS-GMI (9),0.6551577913397223,False
52,FUS-GMI (9),0.5872539856890931,True
53,FUS-GMI (9),0.41473042973166857,True
54,FUS-GMI (9),0.6792867530181816,True
55,FUS-GMI (9),0.6920552906588189,True
56,FUS-GMI (9),0.6029747957751419,True
57,FUS-GMI (9),0.5194219422796138,True
58,FUS-GMI (9),0.4743464890587812,True
59,FUS-GMI (9),0.501614972227757,True
60,FUS-GMI (9),0.5557863385772642,True
61,FUS-GMI (9),0.440395063750152,True
62,FUS-GMI (9),0.6104925139463592,True
63,FUS-GMI (9),0.573585390454522,True
64,FUS-GMI (9),0.3720642476759761,True
65,FUS-GMI (9),0.5535532991514781,True
66,FUS-GMI (9),0.5199469141346167,True
67,FUS-GMI (9),0.6546223143015065,True
68,FUS-GMI (9),0.5722238680196724,True
69,FUS-GMI (9),0.5093802589356358,False
70,FUS-GMI (9),0.561419116152081,True
71,FUS-GMI (9),0.5824160426565562,True
72,FUS-GMI (9),0.5768393316505956,True
73,FUS-GMI (9),0.5797472963342043,True
74,FUS-GMI (9),0.4998343750455023,True
75,FUS-GMI (9),0.544008642068527,True
76,FUS-GMI (9),0.6824565327124299,True
77,FUS-GMI (9),0.5601451255644296,True
78,FUS-GMI (9),0.6025840857693534,True
79,FUS-GMI (9),0.7715312675386746,True
80,FUS-GMI (9),0.5331583783336301,True
81,FUS-GMI (9),0.5636119846159323,True
82,FUS-GMI (9),0.6352943482996315,True
83,FUS-GMI (9),0.5546331841844192,True
84,FUS-GMI (9),0.5860223984118293,True
85,FUS-GMI (9),0.5866528797024327,True
86,FUS-GMI (9),0.5174118348931389,True
87,FUS-GMI (9),0.5510042755599889,True
88,FUS-GMI (9),0.6481491674013017,True
89,FUS-GMI (9),0.5739525714126633,True
90,FUS-GMI (9),0.5962976331246753,True
91,FUS-GMI (9),0.5030708722613101,True
92,FUS-GMI (9),0.4899352274641675,True
93,FUS-GMI (9),0.44072456791229414,True
94,FUS-GMI (9),0.7304937040278516,False
95,FUS-GMI (9),0.6732738836470127,True
96,FUS-GMI (9),0.6094904777293557,True
97,FUS-GMI (9),0.5221000861971526,True
98,FUS-GMI (9),0.6024174238808007,True
99,FUS-GMI (9),0.5565043911651704,True
100,FUS-GMI (9),0.5509413936900235,True
101,FUS-GMI (9),0.6595421211223665,True
102,FUS-GMI (9),0.6579429278358828,True
103,FUS-GMI (9),0.6816864489435406,False
104,FUS-GMI (9),0.6353355091110326,True
105,FUS-GMI (9),0.4224160392841675,True
106,FUS-GMI (9),0.6550162027414504,True
107,FUS-GMI (9),0.6092475401187104,True
108,FUS-GMI (9),0.4062163860809635,True
109,FUS-GMI (9),0.684726812596661,True
110,FUS-GMI (9),0.5528717894959004,True
111,FUS-GMI (9),0.5861946679258629,True
112,FUS-GMI (9),0.5918602750198888,True
113,FUS-GMI (9),0.48938058991453764,True
114,FUS-GMI (9),0.5734140151939762,True
115,FUS-GMI (9),0.4406619967537596,True
116,FUS-GMI (9),0.6506504835947645,True
117,FUS-GMI (9),0.6662928523024849,False
118,FUS-GMI (9),0.628908895603457,True
119,FUS-GMI (9),0.5637962812593352,True
120,FUS-GMI (9),0.6933497691115711,True
121,FUS-GMI (9),0.4772360912276401,True
122,FUS-GMI (9),0.5480768826606455,True
123,FUS-GMI (9),0.5432819788025662,True
124,FUS-GMI (9),0.6729714617740741,True
125,FUS-GMI (9),0.6126810074278259,True
126,FUS-GMI (9),0.48109391651558986,True
127,FUS-GMI (9),0.7288005785182906,True
128,FUS-GMI (9),0.6068855537502231,True
129,FUS-GMI (9),0.5900906776024657,True
130,FUS-GMI (9),0.5507609436566353,True
131,FUS-GMI (9),0.6425032350977851,True
132,FUS-GMI (9),0.46103878001163656,True
133,FUS-GMI (9),0.5295894169591693,False
134,FUS-GMI (9),0.5534641173194261,True
135,FUS-GMI (9),0.5982795601861212,True
136,FUS-GMI (9),0.5485680830479434,False
137,FUS-GMI (9),0.6618220410088409,True
138,FUS-GMI (9),0.535361075316698,True
139,FUS-GMI (9),0.4611674655195278,True
140,FUS-GMI (9),0.5011627368455175,True
141,FUS-GMI (9),0.6061494833944828,True
142,FUS-GMI (9),0.5442739504178918,True
143,FUS-GMI (9),0.4533747446506305,True
144,FUS-GMI (9),0.6514402761747726,True
145,FUS-GMI (9),0.5585824723915044,True
146,FUS-GMI (9),0.6400934511574812,True
147,FUS-GMI (9),0.5970011922259172,True
148,FUS-GMI (9),0.5923697283161903,True
149,FUS-GMI (9),0.5708779546878854,True
150,FUS-GMI (9),0.5366452876640939,True
151,FUS-GMI (9),0.5140356987500598,True
152,FUS-GMI (9),0.6138109996165456,True
153,FUS-GMI (9),0.5675894565849756,False
154,FUS-GMI (9),0.5203672050573043,True
155,FUS-GMI (9),0.6225271577631865,True
156,FUS-GMI (9),0.5052324403073888,True
157,FUS-GMI (9),0.5935464287217623,True
158,FUS-GMI (9),0.6742332570930679,True
159,FUS-GMI (9),0.45386239888146945,True
160,FUS-GMI (9),0.6046488787217829,True
161,FUS-GMI (9),0.5296247697229064,True
162,FUS-GMI (9),0.6433939149094751,False
163,FUS-GMI (9),0.5679130770709103,True
164,FUS-GMI (9),0.687842331387505,True
165,FUS-GMI (9),0.6895686398435767,True
166,FUS-GMI (9),0.5340558117004436,True
167,FUS-GMI (9),0.6139545959315322,False
168,FUS-GMI (9),0.49440632864905487,False
169,FUS-GMI (9),0.6379368099158768,True
170,FUS-GMI (9),0.5620552766939179,True
171,FUS-GMI (9),0.56569795790209,True
172,FUS-GMI (9),0.6072219782908193,True
173,FUS-GMI (9),0.5354900209556568,True
174,FUS-GMI (9),0.6295298199337059,False
175,FUS-GMI (9),0.5004940185688774,True
176,FUS-GMI (9),0.5204776644245355,False
177,FUS-GMI (9),0.5310768495643933,True
178,FUS-GMI (9),0.6021706962048681,True
179,FUS-GMI (9),0.4982443070389427,True
180,FUS-GMI (9),0.375701037857533,True
181,FUS-GMI (9),0.4975231970288423,False
182,FUS-GMI (9),0.6656834857383293,True
183,FUS-GMI (9),0.6140349886536476,True
184,FUS-GMI (9),0.724896109977365,False
185,FUS-GMI (9),0.6355705873313647,True
186,FUS-GMI (9),0.7040839288144742,True
187,FUS-GMI (9),0.5248822898822235,True
188,FUS-GMI (9),0.6954298694111651,True
189,FUS-GMI (9),0.6697895979926992,True
190,FUS-GMI (9),0.49657505407066627,True
191,FUS-GMI (9),0.6805392688020012,True
192,FUS-GMI (9),0.4737127402636916,True
193,FUS-GMI (9),0.5026292069971724,True
194,FUS-GMI (9),0.634172587960542,True
195,FUS-GMI (9),0.6524012127047931,True
196,FUS-GMI (9),0.40267197033294433,True
197,FUS-GMI (9),0.5019289205644336,True
198,FUS-GMI (9),0.6246772911173717,True
199,FUS-GMI (9),0.5566063354025124,True
200,FUS-GMI (9),0.6115557855526595,False
201,FUS-GMI (9),0.5488862699587447,True
202,FUS-GMI (9),0.5981469258990342,True
203,FUS-GMI (9),0.5096626569507586,True
204,FUS-GMI (9),0.5719913026715063,True
205,FUS-GMI (9),0.6324493631901849,True
206,FUS-GMI (9),0.47758825960381956,True
207,FUS-GMI (9),0.6686571756567353,True
208,FUS-GMI (9),0.451015145768053,True
209,FUS-GMI (9),0.5209741198140944,True
210,FUS-GMI (9),0.7082568516810073,True
211,FUS-GMI (9),0.6370229491868332,False
212,FUS-GMI (9),0.6072821547383128,True
213,FUS-GMI (9),0.576232209199128,True
214,FUS-GMI (9),0.5079279951321697,True
215,FUS-GMI (9),0.6064247069219932,True
216,FUS-GMI (9),0.6781511098358051,True
217,FUS-GMI (9),0.5871138981201999,True
218,FUS-GMI (9),0.6115772797100819,True
219,FUS-GMI (9),0.6144081774020227,True
220,FUS-GMI (9),0.6006731856302383,True
221,FUS-GMI (9),0.5390981019144749,True
222,FUS-GMI (9),0.5525519001604449,True
223,FUS-GMI (9),0.597394292845293,True
224,FUS-GMI (9),0.5969654185865195,True
225,FUS-GMI (9),0.6528782670187224,True
226,FUS-GMI (9),0.5919380561207916,True
227,FUS-GMI (9),0.5563825835209306,True
228,FUS-GMI (9),0.4933657071214336,True
229,FUS-GMI (9),0.5855795336770436,False
230,FUS-GMI (9),0.7106769753865677,True
231,FUS-GMI (9),0.6759870208235148,True
232,FUS-GMI (9),0.5569239722250297,True
233,FUS-GMI (9),0.6967049938873179,True
234,FUS-GMI (9),0.7063692812057237,True
235,FUS-GMI (9),0.511200547759062,True
236,FUS-GMI (9),0.5947851474034943,True
237,FUS-GMI (9),0.6035886013629096,True
238,FUS-GMI (9),0.6287243772940334,False
239,FUS-GMI (9),0.5133532801902282,True
240,FUS-GMI (9),0.6311246648175041,True
241,FUS-GMI (9),0.6095424692278704,True
242,FUS-GMI (9),0.5814192198817327,True
243,FUS-GMI (9),0.6173419464328682,True
244,FUS-GMI (9),0.7398590046122712,True
245,FUS-GMI (9),0.6634234505115052,True
246,FUS-GMI (9),0.6576746705815527,True
247,FUS-GMI (9),0.5714911838425514,True
248,FUS-GMI (9),0.6488212836192361,False
249,FUS-GMI (9),0.6481889147602459,True
250,FUS-GMI (9),0.6505699588687478,True
251,FUS-GMI (9),0.5259641949527393,True
252,FUS-GMI (9),0.6743120968054612,False
253,FUS-GMI (9),0.6411522786737195,True
254,FUS-GMI (9),0.48350988275944434,True
255,FUS-GMI (9),0.6385224181950651,True
256,FUS-GMI (9),0.6079427889385032,True
257,FUS-GMI (9),0.5620329570794392,False
258,FUS-GMI (9),0.5935710264113534,True
259,FUS-GMI (9),0.48450060871982004,True
260,FUS-GMI (9),0.4445385163720756,True
261,FUS-GMI (9),0.4960650985111994,True
262,FUS-GMI (9),0.5203039419040303,True
263,FUS-GMI (9),0.6316805583932239,True
264,FUS-GMI (9),0.5663911540228246,False
265,FUS-GMI (9),0.6085627352474511,True
266,FUS-GMI (9),0.6198400680298646,True
267,FUS-GMI (9),0.6739478793412668,True
268,FUS-GMI (9),0.5479908984643704,True
269,FUS-GMI (9),0.6542949961970599,True
270,FUS-GMI (9),0.6068356282440407,True
271,FUS-GMI (9),0.5513524005966687,True
272,FUS-GMI (9),0.6738004339280573,True
273,FUS-GMI (9),0.7087147462887337,True
274,FUS-GMI (9),0.49197261371553236,True
275,FUS-GMI (9),0.5772348520957408,True
276,FUS-GMI (9),0.6283081481803254,True
277,FUS-GMI (9),0.6472317637702839,True
278,FUS-GMI (9),0.5704705698078929,True
279,FUS-GMI (9),0.6294852877924305,False
280,FUS-GMI (9),0.6399637321714485,True
281,FUS-GMI (9),0.3512832933139355,True
282,FUS-GMI (9),0.6749854717265006,True
283,FUS-GMI (9),0.542293701316005,True
284,FUS-GMI (9),0.5877624059002595,True
285,FUS-GMI (9),0.6654273393713728,True
286,FUS-GMI (9),0.6644024472462668,True
287,FUS-GMI (9),0.6072687760876653,True
288,FUS-GMI (9),0.4372352563841412,True
289,FUS-GMI (9),0.5560844311103786,True
290,FUS-GMI (9),0.5073068627284508,True
291,FUS-GMI (9),0.6253469378459742,True
292,FUS-GMI (9),0.6498677777635616,True
293,FUS-GMI (9),0.659752018676082,False
294,FUS-GMI (9),0.5114609848922136,True
295,FUS-GMI (9),0.6849641803763792,True
296,FUS-GMI (9),0.6291325969067889,True
297,FUS-GMI (9),0.6540245401456298,False
298,FUS-GMI (9),0.4989290543577609,True
299,FUS-GMI (9),0.6700391477162033,True
300,FUS-GMI (9),0.4749309604397925,True
301,FUS-GMI (9),0.546248015966194,True
302,FUS-GMI (9),0.6121166554708202,True
303,FUS-GMI (9),0.6271251504542765,True
304,FUS-GMI (9),0.6313247534648359,False
305,FUS-GMI (9),0.5233847288576483,True
306,FUS-GMI (9),0.6135104769040427,True
307,FUS-GMI (9),0.6378645228711262,True
308,FUS-GMI (9),0.4627433039111128,True
309,FUS-GMI (9),0.5672044467983354,True
310,FUS-GMI (9),0.6766317766891617,True
311,FUS-GMI (9),0.654872073155543,True
312,FUS-GMI (9),0.544822385036103,True
313,FUS-GMI (9),0.6194481797048895,True
314,FUS-GMI (9),0.5477331739548928,True
315,FUS-GMI (9),0.588072709884895,False
316,FUS-GMI (9),0.5506821905084677,True
317,FUS-GMI (9),0.5628029026149175,True
318,FUS-GMI (9),0.4983492274711441,True
319,FUS-GMI (9),0.3493512368836487,True
320,FUS-GMI (9),0.47760330043811444,True
321,FUS-GMI (9),0.5712967760458078,True
322,FUS-GMI (9),0.5742598435284767,True
323,FUS-GMI (9),0.5936465441981388,True
324,FUS-GMI (9),0.49860794867922803,True
325,FUS-GMI (9),0.5853701068646591,True
326,FUS-GMI (9),0.6913071960005527,False
327,FUS-GMI (9),0.6241398724024538,False
328,FUS-GMI (9),0.5890208280173306,True
329,FUS-GMI (9),0.49336379040935874,True
330,FUS-GMI (9),0.6303125091567023,True
331,FUS-GMI (9),0.4110461511948888,True
332,FUS-GMI (9),0.5853342718621107,True
333,FUS-GMI (9),0.5761059623043978,True
334,FUS-GMI (9),0.5643812850976619,True
335,FUS-GMI (9),0.6926066254561558,True
336,FUS-GMI (9),0.5919557934798962,True
337,FUS-GMI (9),0.5304746422663552,True
338,FUS-GMI (9),0.5916729780196078,True
339,FUS-GMI (9),0.6269921371736416,True
340,FUS-GMI (9),0.5124023545867878,True
341,FUS-GMI (9),0.4890203515771337,True
342,FUS-GMI (9),0.6701192209950316,True
343,FUS-GMI (9),0.656630333495747,True
344,FUS-GMI (9),0.5715677237594228,True
345,FUS-GMI (9),0.699825143824697,True
346,FUS-GMI (9),0.5217831735930827,True
347,FUS-GMI (9),0.608272168982288,True
348,FUS-GMI (9),0.5362819249999965,True
349,FUS-GMI (9),0.5888150710638996,True
350,FUS-GMI (9),0.6411945858579303,True
351,FUS-GMI (9),0.6052632858387154,True
352,FUS-GMI (9),0.6185597057529022,True
353,FUS-GMI (9),0.593035233168544,True
354,FUS-GMI (9),0.45248489547723714,True
355,FUS-GMI (9),0.5496561352444023,True
356,FUS-GMI (9),0.5424202197132925,True
357,FUS-GMI (9),0.5193233858096505,True
358,FUS-GMI (9),0.5301914425326764,False
359,FUS-GMI (9),0.5919381605408326,True
360,FUS-GMI (9),0.6149663782283576,True
361,FUS-GMI (9),0.6412819295616188,True
362,FUS-GMI (9),0.5347137539147644,True
363,FUS-GMI (9),0.5756346843019666,True
364,FUS-GMI (9),0.5304300328968566,True
365,FUS-GMI (9),0.5682400030720774,True
366,FUS-GMI (9),0.6467538929382508,False
367,FUS-GMI (9),0.5508865277076316,True
368,FUS-GMI (9),0.6753933916078716,True
369,FUS-GMI (9),0.7441564860406037,True
370,FUS-GMI (9),0.6258009210384748,True
371,FUS-GMI (9),0.5807551216437784,True
372,FUS-GMI (9),0.5288544074439747,True
373,FUS-GMI (9),0.46403829675442204,True
374,FUS-GMI (9),0.47368178640458375,True
375,FUS-GMI (9),0.5175403748994628,True
376,FUS-GMI (9),0.6433242268476994,True
377,FUS-GMI (9),0.6088501808267308,True
378,FUS-GMI (9),0.6273178628654944,False
379,FUS-GMI (9),0.680130235129761,True
380,FUS-GMI (9),0.589082139043614,True
381,FUS-GMI (9),0.5878491832692901,True
382,FUS-GMI (9),0.5805273408773239,True
383,FUS-GMI (9),0.5500642101370539,True
384,FUS-GMI (9),0.622141346280306,True
385,FUS-GMI (9),0.5652376961388094,True
386,FUS-GMI (9),0.6411229526553601,True
387,FUS-GMI (9),0.6691399958162663,False
388,FUS-GMI (9),0.6408898427971127,True
389,FUS-GMI (9),0.47047819924464107,True
390,FUS-GMI (9),0.6294289238852687,True
391,FUS-GMI (9),0.5000721617668639,True
392,FUS-GMI (9),0.6198751688614763,True
393,FUS-GMI (9),0.5691743867780176,True
394,FUS-GMI (9),0.5350361252414012,True
395,FUS-GMI (9),0.575580199547393,True
396,FUS-GMI (9),0.6543211531346749,False
397,FUS-GMI (9),0.5388615989651819,True
398,FUS-GMI (9),0.5856803416330445,True
399,FUS-GMI (9),0.5916616279889303,True
400,FUS-GMI (9),0.5205469347868729,True
401,FUS-GMI (9),0.7431531409445513,False
402,FUS-GMI (9),0.5508418413897589,True
403,FUS-GMI (9),0.5888466742743922,False
404,FUS-GMI (9),0.7532796820034438,True
405,FUS-GMI (9),0.4934189179924539,True
406,FUS-GMI (9),0.6520312118843792,True
407,FUS-GMI (9),0.48476598690883066,True
408,FUS-GMI (9),0.6294832522716504,False
409,FUS-GMI (9),0.6992880293431357,True
410,FUS-GMI (9),0.774376321837336,True
411,FUS-GMI (9),0.7056781832989601,True
412,FUS-GMI (9),0.6765610828361011,True
413,FUS-GMI (9),0.5815376637680054,True
414,FUS-GMI (9),0.4983224075133346,True
415,FUS-GMI (9),0.40800001036301464,True
416,FUS-GMI (9),0.6191736057828303,True
417,FUS-GMI (9),0.6224571886590835,True
418,FUS-GMI (9),0.6333704127213796,True
419,FUS-GMI (9),0.6485344505560465,True
420,FUS-GMI (9),0.47689820551911927,True
421,FUS-GMI (9),0.39874093541411426,True
422,FUS-GMI (9),0.5391991505150892,True
423,FUS-GMI (9),0.6188250621997798,True
424,FUS-GMI (9),0.6690059042111173,True
425,FUS-GMI (9),0.5458053250114562,True
426,FUS-GMI (9),0.6438189038428882,True
427,FUS-GMI (9),0.5177134791277952,True
428,FUS-GMI (9),0.6317953392184603,False
429,FUS-GMI (9),0.6041563843535187,True
430,FUS-GMI (9),0.6681980990811953,True
431,FUS-GMI (9),0.5160721531156957,True
432,FUS-GMI (9),0.5591682409959643,True
433,FUS-GMI (9),0.5194010253430458,True
434,FUS-GMI (9),0.4812605254176945,True
435,FUS-GMI (9),0.6320571149134715,True
436,FUS-GMI (9),0.5874405652486047,True
437,FUS-GMI (9),0.5389205612560862,True
438,FUS-GMI (9),0.5796438709457941,True
439,FUS-GMI (9),0.4881808014900753,True
440,FUS-GMI (9),0.6943270629910105,True
441,FUS-GMI (9),0.5701313945729007,True
442,FUS-GMI (9),0.597232512777536,False
443,FUS-GMI (9),0.4870003338109526,True
444,FUS-GMI (9),0.6211167593432625,True
445,FUS-GMI (9),0.5605347749855931,True
446,FUS-GMI (9),0.7777087608002765,True
447,FUS-GMI (9),0.6907331930255224,True
448,FUS-GMI (9),0.5642291914953662,True
449,FUS-GMI (9),0.555007275449726,True
450,FUS-GMI (9),0.5930541186270866,True
451,FUS-GMI (9),0.6081745079858166,True
452,FUS-GMI (9),0.6793398240730599,True
453,FUS-GMI (9),0.6782912715250562,True
454,FUS-GMI (9),0.5596850238717558,True
455,FUS-GMI (9),0.6718153024401448,True
456,FUS-GMI (9),0.5950672336697211,True
457,FUS-GMI (9),0.4984204304678185,True
458,FUS-GMI (9),0.5141839297683617,True
459,FUS-GMI (9),0.7252041083589851,True
460,FUS-GMI (9),0.5841616067914979,True
461,FUS-GMI (9),0.6854735613542515,True
462,FUS-GMI (9),0.4859718677310501,True
463,FUS-GMI (9),0.5159057660776001,False
464,FUS-GMI (9),0.4526239191488165,True
465,FUS-GMI (9),0.5875366554103666,True
466,FUS-GMI (9),0.46440103079470846,True
467,FUS-GMI (9),0.5488303925668748,True
468,FUS-GMI (9),0.5490946851334016,True
469,FUS-GMI (9),0.7048778632719582,True
470,FUS-GMI (9),0.5194318205180657,True
471,FUS-GMI (9),0.5470940786434281,True
472,FUS-GMI (9),0.5495430403975898,True
473,FUS-GMI (9),0.5761169789322045,True
474,FUS-GMI (9),0.6480939468014856,True
475,FUS-GMI (9),0.6184527832687429,True
476,FUS-GMI (9),0.4896297555607531,True
477,FUS-GMI (9),0.49659340436040456,True
478,FUS-GMI (9),0.6432128593231865,True
479,FUS-GMI (9),0.6726766828084383,True
480,FUS-GMI (9),0.5388946888738151,True
481,FUS-GMI (9),0.48360584392497274,True
482,FUS-GMI (9),0.6478833831353376,True
483,FUS-GMI (9),0.6021088682385634,True
484,FUS-GMI (9),0.5976498529902151,True
485,FUS-GMI (9),0.5142299736847102,True
486,FUS-GMI (9),0.6194472794750915,False
487,FUS-GMI (9),0.6322670020121628,True
488,FUS-GMI (9),0.5643484615465586,True
489,FUS-GMI (9),0.6606414137616002,False
490,FUS-GMI (9),0.592708855826008,True
491,FUS-GMI (9),0.40126015904735585,True
492,FUS-GMI (9),0.5917191762744686,False
493,FUS-GMI (9),0.5896471021692176,True
494,FUS-GMI (9),0.6563820480327672,False
495,FUS-GMI (9),0.44877236561589373,True
496,FUS-GMI (9),0.5852179768749513,True
497,FUS-GMI (9),0.38701510402024053,True
498,FUS-GMI (9),0.567885053264938,True
499,FUS-GMI (9),0.6811281130641114,True
0,FUS-FCI (10),-14.853715687164788,True
1,FUS-FCI (10),-10.344449542355132,True
2,FUS-FCI (10),-11.190466511297801,True
3,FUS-FCI (10),-6.074230834259813,True
4,FUS-FCI (10),-6.196217873870737,False
5,FUS-FCI (10),-12.481392718690202,True
6,FUS-FCI (10),-6.9310561019769175,True
7,FUS-FCI (10),-8.825928817852958,True
8,FUS-FCI (10),-13.371195879940881,True
9,FUS-FCI (10),-8.459293886429263,True
10,FUS-FCI (10),-11.585706210382032,True
11,FUS-FCI (10),-11.98958977724086,True
12,FUS-FCI (10),-11.06041122047962,True
13,FUS-FCI (10),-13.447103389822837,True
14,FUS-FCI (10),-22.568103562437614,True
15,FUS-FCI (10),-5.8527274768698385,True
16,FUS-FCI (10),-8.851451862118187,True
17,FUS-FCI (10),-14.75528110116048,False
18,FUS-FCI (10),-7.893471214573884,True
19,FUS-FCI (10),-4.931125351956692,True
20,FUS-FCI (10),-11.389517315969321,True
21,FUS-FCI (10),-10.260038394673769,True
22,FUS-FCI (10),-8.316281571978749,True
23,FUS-FCI (10),-14.829230047073901,True
24,FUS-FCI (10),-6.585307169999128,True
25,FUS-FCI (10),-7.483407040841081,True
26,FUS-FCI (10),-8.774009512767767,False
27,FUS-FCI (10),-7.742766519207685,True
28,FUS-FCI (10),-8.154563608596783,True
29,FUS-FCI (10),-7.278272603363181,True
30,FUS-FCI (10),-14.933163619920958,True
31,FUS-FCI (10),-8.643869351155558,True
32,FUS-FCI (10),-8.22228609734324,True
33,FUS-FCI (10),-6.036394392331715,False
34,FUS-FCI (10),-9.414327695459997,True
35,FUS-FCI (10),-10.925940238925259,True
36,FUS-FCI (10),-11.987901315654083,True
37,FUS-FCI (10),-7.152894425755262,True
38,FUS-FCI (10),-15.060696487835953,True
39,FUS-FCI (10),-8.058515482827524,True
40,FUS-FCI (10),-10.777535727883862,True
41,FUS-FCI (10),-7.964491875359931,True
42,FUS-FCI (10),-1.616371425328218,True
43,FUS-FCI (10),-8.50434853776887,True
44,FUS-FCI (10),-9.065613898088657,False
45,FUS-FCI (10),-10.873086163507118,True
46,FUS-FCI (10),-14.631066071620307,True
47,FUS-FCI (10),-8.249306959071681,True
48,FUS-FCI (10),-11.548917744783806,True
49,FUS-FCI (10),-5.435990037366537,True
50,FUS-FCI (10),-8.96276044206151,True
51,FUS-FCI (10),-4.820161338985176,False
52,FUS-FCI (10),-9.018007369576239,True
53,FUS-FCI (10),-21.63852805019892,True
54,FUS-FCI (10),-8.213251148124572,True
55,FUS-FCI (10),-9.171011108494918,True
56,FUS-FCI (10),-15.690014636234054,True
57,FUS-FCI (10),-9.650892896710234,True
58,FUS-FCI (10),-20.003262687787572,True
59,FUS-FCI (10),-8.242438833252393,True
60,FUS-FCI (10),-7.397246410832029,True
61,FUS-FCI (10),-18.56491575594007,True
62,FUS-FCI (10),-9.406375960952879,True
63,FUS-FCI (10),-5.332806661652977,True
64,FUS-FCI (10),-9.153930795019901,True
65,FUS-FCI (10),-13.535450025443103,True
66,FUS-FCI (10),-18.066575154788584,True
67,FUS-FCI (10),-8.84338945717874,True
68,FUS-FCI (10),-8.571397266653367,True
69,FUS-FCI (10),-10.026057180422548,False
70,FUS-FCI (10),-10.26448082225552,True
71,FUS-FCI (10),-9.364718992820906,True
72,FUS-FCI (10),-9.955450410930627,True
73,FUS-FCI (10),-2.9418430239547853,True
74,FUS-FCI (10),-8.183405771321816,True
75,FUS-FCI (10),-7.735892606028093,True
76,FUS-FCI (10),-10.5391666397625,True
77,FUS-FCI (10),-4.657699638967633,True
78,FUS-FCI (10),-5.7020085133490355,True
79,FUS-FCI (10),-11.2100628252085,True
80,FUS-FCI (10),-8.99828986586328,True
81,FUS-FCI (10),-4.720724090114657,True
82,FUS-FCI (10),-12.741330600494212,True
83,FUS-FCI (10),-8.114319721950027,True
84,FUS-FCI (10),-13.086695038973442,True
85,FUS-FCI (10),-21.928622373072383,True
86,FUS-FCI (10),-9.906628662239369,True
87,FUS-FCI (10),-22.649356248180926,True
88,FUS-FCI (10),-7.839475176647649,True
89,FUS-FCI (10),-8.199960912884263,True
90,FUS-FCI (10),-8.048556836193953,True
91,FUS-FCI (10),-10.54662796590073,True
92,FUS-FCI (10),-22.57015754749294,True
93,FUS-FCI (10),-12.809931492076142,True
94,FUS-FCI (10),-6.8642513638314195,False
95,FUS-FCI (10),-6.874202390356691,True
96,FUS-FCI (10),-12.47469886668564,True
97,FUS-FCI (10),-5.635470784459574,True
98,FUS-FCI (10),-7.145135547979963,True
99,FUS-FCI (10),-11.067518474581387,True
100,FUS-FCI (10),-4.756912374327098,True
101,FUS-FCI (10),-10.505341346862968,True
102,FUS-FCI (10),-6.600941219971741,True
103,FUS-FCI (10),-9.780711078087592,False
104,FUS-FCI (10),-8.694398525912614,True
105,FUS-FCI (10),-8.501042108371589,True
106,FUS-FCI (10),-15.923668207495421,True
107,FUS-FCI (10),-13.704061179190571,True
108,FUS-FCI (10),-8.808573286734466,True
109,FUS-FCI (10),-8.538256549524439,True
110,FUS-FCI (10),-9.555192078017592,True
111,FUS-FCI (10),-9.50489000682267,True
112,FUS-FCI (10),-7.309644017468914,True
113,FUS-FCI (10),-21.665699126024116,True
114,FUS-FCI (10),-8.764839550028942,True
115,FUS-FCI (10),-16.362392165969794,True
116,FUS-FCI (10),-12.119914844239249,True
117,FUS-FCI (10),-7.662939055042129,False
118,FUS-FCI (10),-8.762224795434527,True
119,FUS-FCI (10),-10.448493570415401,True
120,FUS-FCI (10),-3.0149811797953046,True
121,FUS-FCI (10),-11.078028390156808,True
122,FUS-FCI (10),-8.80790687519676,True
123,FUS-FCI (10),-16.087379562541578,True
124,FUS-FCI (10),-8.411653119468934,True
125,FUS-FCI (10),-10.48966199966344,True
126,FUS-FCI (10),-9.717124353756029,True
127,FUS-FCI (10),-9.06190206999654,True
128,FUS-FCI (10),-8.539581461866852,True
129,FUS-FCI (10),-9.403937000296075,True
130,FUS-FCI (10),-10.036166796215507,True
131,FUS-FCI (10),-8.758358083913233,True
132,FUS-FCI (10),-11.610210409970819,True
133,FUS-FCI (10),-12.930674378827856,False
134,FUS-FCI (10),-12.845805518410994,True
135,FUS-FCI (10),-6.583191936034359,True
136,FUS-FCI (10),-13.894551845556286,False
137,FUS-FCI (10),-9.846011922160441,True
138,FUS-FCI (10),-15.598566974425307,True
139,FUS-FCI (10),-7.938991361739301,True
140,FUS-FCI (10),-6.161453182882928,True
141,FUS-FCI (10),-10.024161964448496,True
142,FUS-FCI (10),-14.918495954800951,True
143,FUS-FCI (10),-15.082436856220506,True
144,FUS-FCI (10),-15.542626503809398,True
145,FUS-FCI (10),-8.359536517484258,True
146,FUS-FCI (10),-11.611547609846646,True
147,FUS-FCI (10),-7.373172141244769,True
148,FUS-FCI (10),-15.639581563230024,True
149,FUS-FCI (10),-6.029342395682928,True
150,FUS-FCI (10),-4.250403549333151,True
151,FUS-FCI (10),-14.472429775631733,True
152,FUS-FCI (10),-9.760453323363132,True
153,FUS-FCI (10),-14.885073382520925,False
154,FUS-FCI (10),-9.286867375953609,True
155,FUS-FCI (10),-3.4075413383705797,True
156,FUS-FCI (10),-10.969851065915286,True
157,FUS-FCI (10),-6.673164576595836,True
158,FUS-FCI (10),-14.156780271320958,True
159,FUS-FCI (10),-18.392734475863183,True
160,FUS-FCI (10),-10.388050231459593,True
161,FUS-FCI (10),-23.38632657999083,True
162,FUS-FCI (10),-7.041158530527416,False
163,FUS-FCI (10),-17.762509434490223,True
164,FUS-FCI (10),-9.178441605419064,True
165,FUS-FCI (10),-11.338040675181064,True
166,FUS-FCI (10),-11.748078756283418,True
167,FUS-FCI (10),-10.71887881564246,False
168,FUS-FCI (10),-9.096152730652562,False
169,FUS-FCI (10),-15.120077274846814,True
170,FUS-FCI (10),-9.490516824031685,True
171,FUS-FCI (10),-6.9266306394561346,True
172,FUS-FCI (10),-35.101362782076016,True
173,FUS-FCI (10),-21.542965242514892,True
174,FUS-FCI (10),-9.57517947244487,False
175,FUS-FCI (10),-8.920485333954675,True
176,FUS-FCI (10),-8.79268288171568,False
177,FUS-FCI (10),-7.448626088520906,True
178,FUS-FCI (10),-7.526897989832018,True
179,FUS-FCI (10),-20.018372996475836,True
180,FUS-FCI (10),-20.469403644833665,True
181,FUS-FCI (10),-10.950989713376266,False
182,FUS-FCI (10),-15.420267651304561,True
183,FUS-FCI (10),-4.076948777356956,True
184,FUS-FCI (10),-16.15854562187097,False
185,FUS-FCI (10),-9.509433122213792,True
186,FUS-FCI (10),-8.820525545795872,True
187,FUS-FCI (10),-8.363311415117291,True
188,FUS-FCI (10),-10.25069267753154,True
189,FUS-FCI (10),-8.879762000016827,True
190,FUS-FCI (10),-11.17715659440362,True
191,FUS-FCI (10),-8.380505752757713,True
192,FUS-FCI (10),-16.3194052402452,True
193,FUS-FCI (10),-13.37424788184789,True
194,FUS-FCI (10),-11.197420627602748,True
195,FUS-FCI (10),-8.599910242900485,True
196,FUS-FCI (10),-10.341786786263722,True
197,FUS-FCI (10),-19.47621452539715,True
198,FUS-FCI (10),-12.688067253149846,True
199,FUS-FCI (10),-8.787498384835242,True
200,FUS-FCI (10),-11.083794607593113,False
201,FUS-FCI (10),-11.59551472835509,True
202,FUS-FCI (10),-14.62268909037822,True
203,FUS-FCI (10),-8.971012880738282,True
204,FUS-FCI (10),-23.258743857751693,True
205,FUS-FCI (10),-9.509821512269491,True
206,FUS-FCI (10),-22.606694288748432,True
207,FUS-FCI (10),-9.172337868262087,True
208,FUS-FCI (10),-14.564358613342542,True
209,FUS-FCI (10),-7.776456726573663,True
210,FUS-FCI (10),-11.05068463453711,True
211,FUS-FCI (10),-11.6951401536666,False
212,FUS-FCI (10),-7.997186842175557,True
213,FUS-FCI (10),-11.861604497274454,True
214,FUS-FCI (10),-24.911639121371014,True
215,FUS-FCI (10),-13.061981410284416,True
216,FUS-FCI (10),-16.927375192627558,True
217,FUS-FCI (10),-4.916706733207161,True
218,FUS-FCI (10),-15.672676759007668,True
219,FUS-FCI (10),-4.130754547279537,True
220,FUS-FCI (10),-5.84469481127084,True
221,FUS-FCI (10),-11.27497249112571,True
222,FUS-FCI (10),-6.114007937965697,True
223,FUS-FCI (10),-12.141614151195153,True
224,FUS-FCI (10),-9.119618922193409,True
225,FUS-FCI (10),-14.154107710831482,True
226,FUS-FCI (10),-9.572286664440444,True
227,FUS-FCI (10),-8.678286308611746,True
228,FUS-FCI (10),-28.64002582287144,True
229,FUS-FCI (10),-6.750402704052303,False
230,FUS-FCI (10),-4.937396126428273,True
231,FUS-FCI (10),-8.732711444689377,True
232,FUS-FCI (10),-1.637906587462485,True
233,FUS-FCI (10),-9.145101271575443,True
234,FUS-FCI (10),-9.910750972208957,True
235,FUS-FCI (10),-11.864751502593773,True
236,FUS-FCI (10),-6.449112060715782,True
237,FUS-FCI (10),-7.801754853418972,True
238,FUS-FCI (10),-11.227693495512678,False
239,FUS-FCI (10),-11.577546901870102,True
240,FUS-FCI (10),-10.023948865384387,True
241,FUS-FCI (10),-11.30090839157963,True
242,FUS-FCI (10),-9.065449979995755,True
243,FUS-FCI (10),-13.241197075321045,True
244,FUS-FCI (10),-8.189230536557279,True
245,FUS-FCI (10),-12.10496010874039,True
246,FUS-FCI (10),-12.441299626606105,True
247,FUS-FCI (10),-9.10134315749565,True
248,FUS-FCI (10),-7.29177190310453,False
249,FUS-FCI (10),-15.322876452465202,True
250,FUS-FCI (10),-7.3239604762327435,True
251,FUS-FCI (10),-8.506352447688608,True
252,FUS-FCI (10),-8.21795633372037,False
253,FUS-FCI (10),-7.288884182184887,True
254,FUS-FCI (10),-14.158917686886802,True
255,FUS-FCI (10),-8.713856344042245,True
256,FUS-FCI (10),-11.288462517834585,True
257,FUS-FCI (10),-18.062109867721972,False
258,FUS-FCI (10),-17.210436097147635,True
259,FUS-FCI (10),-13.657724999499026,True
260,FUS-FCI (10),-13.669347703155026,True
261,FUS-FCI (10),-9.356442260216815,True
262,FUS-FCI (10),-14.131350190529517,True
263,FUS-FCI (10),-11.95358077715064,True
264,FUS-FCI (10),-2.4290805891055394,False
265,FUS-FCI (10),-6.912984525339866,True
266,FUS-FCI (10),-9.443021320030441,True
267,FUS-FCI (10),-7.376003527509745,True
268,FUS-FCI (10),-12.141877648619463,True
269,FUS-FCI (10),-5.665046194714477,True
270,FUS-FCI (10),-11.709119684344717,True
271,FUS-FCI (10),-11.069274462264689,True
272,FUS-FCI (10),-13.507056586482639,True
273,FUS-FCI (10),-15.810634535033667,True
274,FUS-FCI (10),-21.582533703590684,True
275,FUS-FCI (10),-7.238919225445091,True
276,FUS-FCI (10),-16.728512720749755,True
277,FUS-FCI (10),-11.666890722354761,True
278,FUS-FCI (10),-14.449434478832195,True
279,FUS-FCI (10),-12.119564118761529,False
280,FUS-FCI (10),-8.631597803310804,True
281,FUS-FCI (10),-21.628822666889523,True
282,FUS-FCI (10),-10.509039234458012,True
283,FUS-FCI (10),-8.32889115871781,True
284,FUS-FCI (10),-6.663234309810374,True
285,FUS-FCI (10),-11.11510104353398,True
286,FUS-FCI (10),-6.891478943224102,True
287,FUS-FCI (10),-7.7286277479534204,True
288,FUS-FCI (10),-6.731161695360084,True
289,FUS-FCI (10),-10.066715883196986,True
290,FUS-FCI (10),-13.389545844956778,True
291,FUS-FCI (10),-3.3920263337775722,True
292,FUS-FCI (10),-14.826661909905745,True
293,FUS-FCI (10),-7.441842875190137,False
294,FUS-FCI (10),-10.345136979324348,True
295,FUS-FCI (10),-10.214240568772956,True
296,FUS-FCI (10),-6.074261320038412,True
297,FUS-FCI (10),-7.576645988506627,False
298,FUS-FCI (10),-10.34680571719287,True
299,FUS-FCI (10),-5.89507124644426,True
300,FUS-FCI (10),-16.752193279940023,True
301,FUS-FCI (10),-5.337362944421257,True
302,FUS-FCI (10),-9.005165784206378,True
303,FUS-FCI (10),-12.50647706702179,True
304,FUS-FCI (10),-15.063368536682294,False
305,FUS-FCI (10),-12.283970211105999,True
306,FUS-FCI (10),-7.467764017920679,True
307,FUS-FCI (10),-11.849750753261377,True
308,FUS-FCI (10),-10.082035369216184,True
309,FUS-FCI (10),-3.5569977069942507,True
310,FUS-FCI (10),-13.844007863985683,True
311,FUS-FCI (10),-9.547763419716633,True
312,FUS-FCI (10),-7.197962578722441,True
313,FUS-FCI (10),-10.726124917218417,True
314,FUS-FCI (10),-11.628474277776485,True
315,FUS-FCI (10),-13.223772618191518,False
316,FUS-FCI (10),-12.837311875098752,True
317,FUS-FCI (10),-9.667931543668214,True
318,FUS-FCI (10),-10.736873701968992,True
319,FUS-FCI (10),-32.76228166792393,True
320,FUS-FCI (10),-18.148111396130076,True
321,FUS-FCI (10),-12.634622772346138,True
322,FUS-FCI (10),-7.700920686974323,True
323,FUS-FCI (10),-4.810409027171804,True
324,FUS-FCI (10),-12.413682528129792,True
325,FUS-FCI (10),-7.073255275894428,True
326,FUS-FCI (10),-11.450754351533508,False
327,FUS-FCI (10),-8.640946716045443,False
328,FUS-FCI (10),-8.320651107488118,True
329,FUS-FCI (10),-11.835301229318965,True
330,FUS-FCI (10),-11.652009124845943,True
331,FUS-FCI (10),-1.5070063662735453,True
332,FUS-FCI (10),-7.976180422193942,True
333,FUS-FCI (10),-13.751858686697947,True
334,FUS-FCI (10),-9.248662295144332,True
335,FUS-FCI (10),-11.212472288898127,True
336,FUS-FCI (10),-8.69679448624296,True
337,FUS-FCI (10),-10.524670164035125,True
338,FUS-FCI (10),-8.735517570874373,True
339,FUS-FCI (10),-10.21673426949237,True
340,FUS-FCI (10),-20.97854506738324,True
341,FUS-FCI (10),-13.436628716878634,True
342,FUS-FCI (10),-15.660969095655206,True
343,FUS-FCI (10),-12.875014646430056,True
344,FUS-FCI (10),-18.27026107252943,True
345,FUS-FCI (10),-14.028573389586873,True
346,FUS-FCI (10),-11.912931844631398,True
347,FUS-FCI (10),-8.626656533279807,True
348,FUS-FCI (10),-12.410622241212653,True
349,FUS-FCI (10),-8.997581665584,True
350,FUS-FCI (10),-7.041243801182911,True
351,FUS-FCI (10),-9.780019388456873,True
352,FUS-FCI (10),-13.06756603728175,True
353,FUS-FCI (10),-17.119456766919388,True
354,FUS-FCI (10),-6.64726251784177,True
355,FUS-FCI (10),-18.865302645221256,True
356,FUS-FCI (10),-11.500435293655455,True
357,FUS-FCI (10),-10.43253655067312,True
358,FUS-FCI (10),-13.312511923541472,False
359,FUS-FCI (10),-11.757632098318961,True
360,FUS-FCI (10),-9.001013178341838,True
361,FUS-FCI (10),-10.12303931973158,True
362,FUS-FCI (10),-9.961872285742885,True
363,FUS-FCI (10),-11.88809117995141,True
364,FUS-FCI (10),-7.142156781942484,True
365,FUS-FCI (10),-10.129536102340868,True
366,FUS-FCI (10),-6.200552300688898,False
367,FUS-FCI (10),-12.79972324668346,True
368,FUS-FCI (10),-2.983373294899163,True
369,FUS-FCI (10),-10.860757386691859,True
370,FUS-FCI (10),-9.839764188355064,True
371,FUS-FCI (10),-12.099193667560156,True
372,FUS-FCI (10),-10.360182511147451,True
373,FUS-FCI (10),-11.46542638544117,True
374,FUS-FCI (10),-10.4978815322294,True
375,FUS-FCI (10),-10.002840951897065,True
376,FUS-FCI (10),-6.507289551636275,True
377,FUS-FCI (10),-8.746263511337393,True
378,FUS-FCI (10),-9.166301371500301,False
379,FUS-FCI (10),-13.660035074427277,True
380,FUS-FCI (10),-11.8053897624233,True
381,FUS-FCI (10),-11.883335322026285,True
382,FUS-FCI (10),-4.7557800392809,True
383,FUS-FCI (10),-10.491596235602493,True
384,FUS-FCI (10),-14.93064914339786,True
385,FUS-FCI (10),-9.865617060639648,True
386,FUS-FCI (10),-10.250986644757573,True
387,FUS-FCI (10),-11.367829518393425,False
388,FUS-FCI (10),-10.490001491841538,True
389,FUS-FCI (10),-4.789133594105066,True
390,FUS-FCI (10),-5.345554312804792,True
391,FUS-FCI (10),-13.374808662667308,True
392,FUS-FCI (10),-8.359851028783686,True
393,FUS-FCI (10),-9.708007037952337,True
394,FUS-FCI (10),-15.959890833463117,True
395,FUS-FCI (10),-3.6483325499262795,True
396,FUS-FCI (10),-6.968816509533092,False
397,FUS-FCI (10),-7.740926882367655,True
398,FUS-FCI (10),-7.194967481039225,True
399,FUS-FCI (10),-8.054240690418744,True
400,FUS-FCI (10),-9.896713427727443,True
401,FUS-FCI (10),-8.068860969838722,False
402,FUS-FCI (10),-10.340811995219978,True
403,FUS-FCI (10),-12.414518192785039,False
404,FUS-FCI (10),-8.087404162759649,True
405,FUS-FCI (10),-24.643911142180343,True
406,FUS-FCI (10),-15.917795118942848,True
407,FUS-FCI (10),-11.138458402448386,True
408,FUS-FCI (10),-8.105313530719371,False
409,FUS-FCI (10),-11.872229381657197,True
410,FUS-FCI (10),-9.906228573810317,True
411,FUS-FCI (10),-3.389054492336629,True
412,FUS-FCI (10),-5.674796418756713,True
413,FUS-FCI (10),-16.62771544173257,True
414,FUS-FCI (10),-15.783149369242937,True
415,FUS-FCI (10),-10.701588885178692,True
416,FUS-FCI (10),-6.484815686549643,True
417,FUS-FCI (10),-13.670405823865039,True
418,FUS-FCI (10),-5.8480383280095,True
419,FUS-FCI (10),-10.445369893907184,True
420,FUS-FCI (10),-12.031593388855306,True
421,FUS-FCI (10),-14.631887055857103,True
422,FUS-FCI (10),-11.401617808221365,True
423,FUS-FCI (10),-6.471033580996004,True
424,FUS-FCI (10),-6.152125280499208,True
425,FUS-FCI (10),-8.700209014698686,True
426,FUS-FCI (10),-5.0530926495295425,True
427,FUS-FCI (10),-4.044268709569457,True
428,FUS-FCI (10),-5.874140882546405,False
429,FUS-FCI (10),-14.2647089537447,True
430,FUS-FCI (10),-10.594858378645274,True
431,FUS-FCI (10),-4.258993557815177,True
432,FUS-FCI (10),-7.805718216417768,True
433,FUS-FCI (10),-11.253483720428815,True
434,FUS-FCI (10),-15.012457247709829,True
435,FUS-FCI (10),-8.76174528507439,True
436,FUS-FCI (10),-10.004400489117279,True
437,FUS-FCI (10),-9.584441785305478,True
438,FUS-FCI (10),-4.29216127235005,True
439,FUS-FCI (10),-7.90982102114547,True
440,FUS-FCI (10),-3.157507899355961,True
441,FUS-FCI (10),-11.657086388781341,True
442,FUS-FCI (10),-10.267153892094774,False
443,FUS-FCI (10),-7.583467438377939,True
444,FUS-FCI (10),-4.424222740269979,True
445,FUS-FCI (10),-7.293979188395186,True
446,FUS-FCI (10),-7.157186469403131,True
447,FUS-FCI (10),-6.237402154827516,True
448,FUS-FCI (10),-11.080000413294831,True
449,FUS-FCI (10),-12.503381585227192,True
450,FUS-FCI (10),-7.567354974999358,True
451,FUS-FCI (10),-12.692700168159567,True
452,FUS-FCI (10),-10.339068750067126,True
453,FUS-FCI (10),-5.133483356058068,True
454,FUS-FCI (10),-9.176348619744736,True
455,FUS-FCI (10),-11.60520995180068,True
456,FUS-FCI (10),-11.877634767270774,True
457,FUS-FCI (10),-4.961592169417501,True
458,FUS-FCI (10),-16.16003934257311,True
459,FUS-FCI (10),-4.9502989048481565,True
460,FUS-FCI (10),-5.391352296077704,True
461,FUS-FCI (10),-2.8651851115350846,True
462,FUS-FCI (10),-12.490733779276862,True
463,FUS-FCI (10),-10.988068887087918,False
464,FUS-FCI (10),-19.85747589270766,True
465,FUS-FCI (10),-15.926121741698495,True
466,FUS-FCI (10),-12.591923666623305,True
467,FUS-FCI (10),-11.752749727699786,True
468,FUS-FCI (10),-5.63893843689017,True
469,FUS-FCI (10),-17.060332369903804,True
470,FUS-FCI (10),-7.547231720381907,True
471,FUS-FCI (10),-11.820159941501046,True
472,FUS-FCI (10),-11.320829807671114,True
473,FUS-FCI (10),-14.829137974260908,True
474,FUS-FCI (10),-6.657961197906216,True
475,FUS-FCI (10),-9.429919701144485,True
476,FUS-FCI (10),-7.547445995926283,True
477,FUS-FCI (10),-8.227448191102829,True
478,FUS-FCI (10),-6.6473981779931215,True
479,FUS-FCI (10),-8.450651238920054,True
480,FUS-FCI (10),-13.672644716108472,True
481,FUS-FCI (10),-8.02856764630401,True
482,FUS-FCI (10),-8.19947572485603,True
483,FUS-FCI (10),-9.234649692172283,True
484,FUS-FCI (10),-12.285955155919321,True
485,FUS-FCI (10),-12.586595059133575,True
486,FUS-FCI (10),-8.028677614393896,False
487,FUS-FCI (10),-3.1406096751668864,True
488,FUS-FCI (10),-7.175462691554943,True
489,FUS-FCI (10),-8.281131597706196,False
490,FUS-FCI (10),-9.226676386860811,True
491,FUS-FCI (10),-9.694175017584273,True
492,FUS-FCI (10),-8.700107978403778,False
493,FUS-FCI (10),-12.69124281153014,True
494,FUS-FCI (10),-15.15872304758651,False
495,FUS-FCI (10),-10.78181862547344,True
496,FUS-FCI (10),-10.084856898696684,True
497,FUS-FCI (10),-19.6403259749821,True
498,FUS-FCI (10),-11.91808962955758,True
499,FUS-FCI (10),-6.348371372008494,True
